%%MatrixMarket matrix coordinate real general
251 251 16193
1 1 -2689.182794581749
5 1 -4.2713001419488615e-10
6 1 9.2839210802096932e-08
10 1 1.0257591707955542e-07
13 1 1.030826299970075e-07
14 1 -2.8206501124432567e-10
15 1 1.0241663043749371e-07
16 1 9.264872185640434e-08
17 1 -2.2289568890948614e-10
18 1 -1.4804029968243355e-10
31 1 1.7540181393680577e-09
32 1 4.4810813154084551e-08
33 1 1.8264399058519307e-09
34 1 4.6728937881567504e-08
35 1 1.2719187565219389e-06
36 1 4.0863352759915711e-05
37 1 3.8147457793565628e-08
38 1 9.0813776999308995e-07
39 1 2.1239286850218943e-05
40 1 0.00037201864774827418
41 1 0.035761606602461596
46 1 -2.3904395320009673e-08
47 1 -1.022111122309681e-06
48 1 2.7966613949546563e-10
49 1 6.3824246885988239e-08
50 1 7.0570343764154584e-06
51 1 -0.00027325222179129917
54 1 -3.3770198866099706e-08
55 1 -3.3658208905956522e-09
56 1 4.4669132709794079e-08
57 1 -1.5279381803063026e-05
59 1 -4.2583660435839717e-10
60 1 -5.901911972281493e-07
61 1 -2.2126944880528338e-08
62 1 1.0242851621442187e-07
64 1 3.6628916398107169e-08
65 1 2.7443305900833255e-06
66 1 2.5185266842241174e-07
67 1 2.9964722320228397e-08
68 1 -9.0385236627314531e-09
69 1 -3.3428650451586473e-09
70 1 4.0839969237893207e-08
71 1 9.9119514457716623e-07
72 1 7.0628336030111765e-05
73 1 5.538333430500924e-08
74 1 5.3084204007906114e-06
75 1 6.8673230072366756e-07
76 1 4.3454527031174425e-08
77 1 8.1785722916120858e-07
78 1 2.9964718654929991e-08
79 1 2.5947790201424657e-06
80 1 -8.8733130110884421e-09
82 1 1.6220331702551319e-07
83 1 3.8916560003431297e-06
84 1 8.9025192082113489e-05
85 1 0.0083207217013067346
86 1 4.0191133625295898e-07
87 1 7.6493767551029463e-06
88 1 0.0013336098761125999
89 1 1.2755517479589541e-06
90 1 0.00041392559107189129
91 1 0.00017727037220097378
92 1 6.8673615148689432e-07
93 1 5.3220479150951602e-06
94 1 2.518530025259118e-07
95 1 7.0693148395956732e-05
96 1 2.746056209074138e-06
97 1 1.0242856393468255e-07
98 1 -0.00027342951533968119
99 1 -1.526729740835535e-05
100 1 -5.8961492418724337e-07
101 1 -2.2126954873913269e-08
103 1 1.7545149497182401e-09
104 1 4.4912403767621853e-08
105 1 4.6720365021850258e-08
106 1 1.2739475566272225e-06
107 1 4.0928910056490018e-05
108 1 9.0899483101878295e-07
109 1 2.1302747204489729e-05
110 1 0.00037317409199104173
111 1 0.035827240662248926
113 1 -2.3901436117178283e-08
114 1 -1.0236416644729338e-06
115 1 6.3387436808854728e-08
116 1 7.0508041191475927e-06
117 1 -0.00027413339234971535
118 1 -3.3760309784290545e-08
119 1 4.4962301764318945e-08
120 1 -1.5307537487402697e-05
121 1 -5.8961466093798212e-07
122 1 2.7460548146699379e-06
123 1 -8.8733504826754237e-09
124 1 9.9095214253612713e-07
125 1 7.0779409526836035e-05
126 1 5.3220373221965054e-06
127 1 8.1785722969925206e-07
128 1 2.591856813836861e-06
129 1 -9.038486354211911e-09
130 1 3.8878403057395092e-06
131 1 8.9131368832598033e-05
132 1 0.0083291419778356614
133 1 7.6309593274118747e-06
134 1 0.0013345186323544867
135 1 0.00041392559099727325
136 1 5.3084309905121829e-06
137 1 7.0779456041097038e-05
138 1 2.744331983879566e-06
139 1 -0.00027413378719111082
140 1 -1.5307544985521248e-05
141 1 -5.9019146038360663e-07
142 1 4.4786533289795352e-08
143 1 1.2717251090418582e-06
144 1 4.0928866372973971e-05
145 1 2.1256721644757773e-05
146 1 0.00037317424555419784
147 1 0.035827344861602786
148 1 -1.0218861337039031e-06
149 1 7.0538523196758652e-06
150 1 -0.00027413352274228774
151 1 -1.5267289918052911e-05
152 1 7.0693101917746034e-05
153 1 2.5947790166707118e-06
154 1 8.892170948314362e-05
155 1 0.0083291419778352763
156 1 0.0013336098759159907
157 1 7.0628382507699114e-05
158 1 -0.00027413365679877696
159 1 -1.5279389291890669e-05
160 1 4.084753231303186e-05
161 1 0.00037198634334259414
162 1 0.0358272406622464
163 1 -0.00027342925116088154
164 1 0.0083207217005667258
165 1 -0.00027325248604436695
166 1 0.035761606596275218
167 1 0.00037201863535746944
168 1 4.0863338380531255e-05
169 1 -1.9291224115991161e-06
170 1 0.00037317407965476216
171 1 8.9025180084992893e-05
172 1 2.0576880947066711e-06
173 1 2.1239279549610007e-05
174 1 1.2719179543646239e-06
175 1 4.0928895665169885e-05
176 1 -1.022110975528563e-06
177 1 4.4810788658147434e-08
178 1 5.6921461227323508e-08
179 1 -1.9237220596797198e-06
180 1 0.00037317423321780075
181 1 1.2112908042406228e-06
182 1 8.9131356819008203e-05
183 1 7.6493789282543621e-06
184 1 9.9119530119066768e-07
185 1 2.0610612197590581e-06
186 1 1.155976403641813e-07
187 1 5.6681024242107537e-08
188 1 2.1302739888052488e-05
189 1 3.8916539712696745e-06
190 1 1.0837199800025382e-07
191 1 9.0813728020437175e-07
192 1 4.672890175845222e-08
193 1 1.2739467535979026e-06
194 1 -2.3904386905996728e-08
195 1 1.7540165663643991e-09
196 1 4.0928851981667221e-05
197 1 -1.0236415174061999e-06
198 1 -3.3770195543720696e-08
199 1 4.4912379233606549e-08
202 1 3.3787074212071509e-09
203 1 5.6681025326687764e-08
204 1 -1.9291224114017502e-06
205 1 0.00037198633114296004
206 1 5.017305631856037e-08
207 1 1.2112908042651834e-06
208 1 8.8921697514197657e-05
209 1 7.1720349604174352e-08
210 1 7.6309615076182516e-06
211 1 1.2755533678117005e-06
212 1 5.5383370043899454e-08
213 1 9.909522984699939e-07
214 1 3.6628919926863791e-08
215 1 2.0572618219449992e-06
216 1 1.1550048762337751e-07
217 1 4.0648095706542251e-09
218 1 6.8495698605316912e-09
219 1 5.6921460053087954e-08
220 1 2.1256714340882922e-05
221 1 5.0173040071638534e-08
222 1 3.8878382781706081e-06
223 1 4.0191116797849778e-07
224 1 4.0839965826657185e-08
225 1 1.0840731296888006e-07
226 1 6.7316459795757907e-09
227 1 3.3787070780048607e-09
228 1 9.0899434082006237e-07
229 1 1.6220318719281178e-07
230 1 4.0494489854145009e-09
231 1 3.8147430899780682e-08
232 1 1.8264382319730935e-09
233 1 4.6720328911718487e-08
236 1 1.2717243070927906e-06
237 1 -2.3901427690010566e-08
239 1 1.7545133764883401e-09
242 1 4.0847517945464401e-05
243 1 -1.021885986564281e-06
244 1 -3.3760306452100518e-08
246 1 4.4786508823560822e-08
2 2 -2688.9505286762787
3 2 0.013287335080966323
4 2 0.00052168708864515703
5 2 2.2294840314011195e-05
6 2 1.0119890481170622e-06
7 2 -0.012686589827681623
8 2 -3.1823251382421263e-07
9 2 -7.1477244586429573e-08
10 2 6.1480017782386048e-09
11 2 -0.00044329463581932314
12 2 -6.5907307792132835e-08
13 2 4.3491723575027334e-09
14 2 -1.7710782311004187e-05
15 2 5.3930340545589563e-09
16 2 -6.9414231102960805e-07
17 2 -1.4153054147596834e-09
23 2 5.269544063083978e-10
33 2 -3.0202652948551035e-10
37 2 5.2665586948692039e-08
48 2 -4.9998360077560376e-08
55 2 -5.1541314998503752e-08
58 2 1.9945008218632249e-10
59 2 -4.9905719732360869e-08
61 2 -5.3605899990458966e-08
62 2 1.1144784445474307e-10
2 3 0.013287335080966323
3 3 -2688.950171955551
4 3 0.01332130171403678
5 3 0.00051596438650476271
6 3 2.3056504185485812e-05
7 3 -3.1823251382421263e-07
8 3 -0.012731126634907174
9 3 -1.5143969598684687e-06
10 3 1.3872389891956053e-07
11 3 -6.5907307792132835e-08
12 3 -0.00045090440549317324
13 3 1.2956735140380955e-07
14 3 1.0528889966347408e-08
15 3 -1.724875520676452e-05
16 3 1.0101321079966221e-07
17 3 -6.6242225395200547e-07
18 3 9.043267086902956e-09
20 3 1.7351273612965727e-08
21 3 -1.8217075446628489e-09
23 3 1.2374283240688122e-08
24 3 1.9325169723215614e-10
34 3 -3.0202652948551035e-10
38 3 5.2665586948692039e-08
49 3 -4.9998360077560376e-08
56 3 -5.0237243535745219e-08
59 3 1.4103250562216283e-10
60 3 -6.0496821841941698e-08
62 3 9.0166134623837858e-08
63 3 1.5761105312514479e-10
2 4 0.00052168708864515703
3 4 0.01332130171403678
4 4 -2688.9674867126287
5 4 0.013135612873730865
6 4 0.00053479083076386031
7 4 -7.1477244586429573e-08
8 4 -1.5184910319055745e-06
9 4 -0.012897192838552769
10 4 1.3044485621117066e-06
11 4 1.1080814138694039e-08
12 4 3.1347699450240364e-07
13 4 -0.00043510047578017167
14 4 3.6628916398107176e-08
15 4 2.7283727549229166e-06
16 4 2.518526684224118e-07
17 4 2.9964722320228404e-08
18 4 -1.6254407339381837e-05
19 4 -6.5399657041775332e-07
20 4 2.127928984799039e-07
21 4 9.4288750233653342e-10
23 4 2.4439137702485422e-07
24 4 1.3687062870574354e-09
25 4 -1.8223350249593296e-09
35 4 -3.0202652948551035e-10
39 4 5.2665586948692039e-08
50 4 -4.8694281390040659e-08
57 4 -6.0967741128041121e-08
64 4 -2.8206501124432567e-10
65 4 9.9936302271593292e-08
66 4 9.2648721856404313e-08
67 4 -2.2289568890948611e-10
68 4 1.0468029979433748e-10
1 5 -4.2713001419488615e-10
2 5 2.2294840314011195e-05
3 5 0.00051596438650476271
4 5 0.013135612873730865
5 5 -2689.0139446756029
6 5 0.013719982510503928
7 5 1.1733708536401794e-08
8 5 3.2576935098750898e-07
9 5 8.7527225151305613e-06
10 5 -0.012357203023817782
11 5 4.0839969237893214e-08
12 5 9.9553659343024923e-07
13 5 7.0079549886782109e-05
14 5 5.5383334305009246e-08
15 5 5.30659869324595e-06
16 5 6.8673230072366767e-07
17 5 4.3454527031174431e-08
18 5 8.0897710031526338e-07
19 5 2.9964718654929998e-08
20 5 -0.00040717095164949168
21 5 -1.6254130875453748e-05
22 5 -6.6242225334225821e-07
23 5 6.4327225415219982e-06
24 5 2.1125386550843437e-07
25 5 8.9875338412014009e-09
26 5 -1.4153056584475572e-09
36 5 -4.2713001419488615e-10
40 5 5.0819758267658133e-08
51 5 -5.8785687778673098e-08
72 5 1.0060231646429404e-07
73 5 -2.8206501124432567e-10
74 5 1.0241663043749373e-07
75 5 9.2648721856404313e-08
76 5 -2.2289568890948611e-10
77 5 -1.4804029968243355e-10
1 6 9.2839210802096932e-08
2 6 1.0119890481170622e-06
3 6 2.3056504185485812e-05
4 6 0.00053479083076386031
5 6 0.013719982510503928
6 6 -2689.0467367940632
7 6 1.615062086096534e-07
8 6 3.8727012705987023e-06
9 6 8.8419693588512357e-05
10 6 0.0082864819150499647
11 6 4.0191133625295909e-07
12 6 7.6484630384918963e-06
13 6 0.0013335673359271265
14 6 1.2755517479589543e-06
15 6 0.0004139255910718914
16 6 0.00017727037220097381
17 6 6.8673615148689442e-07
18 6 5.3202255800702016e-06
19 6 2.5185300252591186e-07
20 6 7.0142977429734488e-05
21 6 2.7300488800822177e-06
22 6 1.0101325827623502e-07
23 6 -0.01235920168704828
24 6 -0.00043516388320817675
25 6 -1.7250687827468887e-05
26 6 -6.9414230341626406e-07
40 6 -3.0202652948551035e-10
41 6 5.7642271781654337e-08
85 6 9.7519313266794889e-08
88 6 1.0308262999700749e-07
89 6 -2.8206501124432567e-10
90 6 1.0241663043749373e-07
91 6 9.2648721856404313e-08
92 6 -2.2289568890948611e-10
93 6 -1.4804029968243355e-10
2 7 -0.012686589827681623
3 7 -3.1823251382421263e-07
4 7 -7.1477244586429573e-08
5 7 1.1733708536401794e-08
6 7 1.615062086096534e-07
7 7 -2688.9720200025758
8 7 0.013237595044274089
9 7 0.0005125118581145589
10 7 2.3059331609110848e-05
11 7 -0.012805251868824667
12 7 -1.5138014706337768e-06
13 7 1.3884524257005265e-07
14 7 -0.00045373207555337073
15 7 1.2959569395077343e-07
16 7 -1.725068806078605e-05
17 7 8.9875284789537734e-09
18 7 1.7347287340274878e-08
19 7 -1.8223347639981212e-09
20 7 1.2428552223287609e-08
21 7 1.9522569492093429e-10
23 7 1.0530619200364595e-06
48 7 2.1356500709744308e-10
82 7 9.040784229023365e-08
108 7 5.9514943369591e-08
115 7 -5.024965616140228e-08
118 7 1.9945008218632249e-10
119 7 -4.9905719732360869e-08
121 7 -5.3605899990458966e-08
122 7 1.1144784445474307e-10
2 8 -3.1823251382421263e-07
3 8 -0.012731126634907174
4 8 -1.5184910319055745e-06
5 8 3.2576935098750898e-07
6 8 3.8727012705987023e-06
7 8 0.013237595044274089
8 8 -2688.9804841058303
9 8 0.013135439083600401
10 8 0.0005383450777917267
11 8 -1.5178931409075842e-06
12 8 -0.012971918251269868
13 8 1.3160015351913138e-06
14 8 3.1357124623506312e-07
15 8 -0.00043792383419543354
16 8 2.7300474858198206e-06
17 8 -1.6254130839749676e-05
18 8 2.1314137517833095e-07
19 8 9.4288750909709711e-10
20 8 2.4631590768614997e-07
21 8 1.4246711375093508e-09
22 8 -1.821707805745701e-09
23 8 2.4217263033463092e-05
24 8 1.2158811838164809e-09
25 8 1.9522521593826339e-10
49 8 2.1356500709744308e-10
83 8 9.040784229023365e-08
109 8 5.9514943369591e-08
116 8 -4.8945584698643747e-08
119 8 1.4103250562216283e-10
120 8 -6.0496821841941698e-08
122 8 9.0166134623837858e-08
123 8 1.5761105312514479e-10
2 9 -7.1477244586429573e-08
3 9 -1.5143969598684687e-06
4 9 -0.012897192838552769
5 9 8.7527225151305613e-06
6 9 8.8419693588512357e-05
7 9 0.0005125118581145589
8 9 0.013135439083600401
9 9 -2689.0227557060334
10 9 0.013805918165980353
11 9 3.2564657477080466e-07
12 9 8.7646194832281419e-06
13 9 -0.012431636966142101
14 9 9.9529296908062804e-07
15 9 7.0229852017580032e-05
16 9 5.3202149874325083e-06
17 9 8.0897710085592653e-07
18 9 -0.00040997010654809967
19 9 -1.625440739308567e-05
20 9 6.4849137406426268e-06
21 9 2.1314156407576982e-07
22 9 9.043272459271297e-09
23 9 0.00056515575802868465
24 9 2.4579887483531619e-07
25 9 1.7347289118508779e-08
50 9 2.1356500709744308e-10
84 9 9.040784229023365e-08
110 9 5.7670697603298912e-08
117 9 -5.9141059682653143e-08
124 9 -2.8206501124432567e-10
125 9 9.9936302271593292e-08
126 9 9.2648721856404313e-08
127 9 -2.2289568890948611e-10
128 9 1.0468029979433748e-10
1 10 1.0257591707955542e-07
2 10 6.1480017782386048e-09
3 10 1.3872389891956053e-07
4 10 1.3044485621117066e-06
5 10 -0.012357203023817782
6 10 0.0082864819150499647
7 10 2.3059331609110848e-05
8 10 0.0005383450777917267
9 10 0.013805918165980353
10 10 -2689.0466429968615
11 10 3.8689454486756028e-06
12 10 8.8526430339982886e-05
13 10 0.0082948820814374904
14 10 7.6300472117580048e-06
15 10 0.0013344760386449443
16 10 0.00041392559099727336
17 10 5.3066092827064379e-06
18 10 7.0229898559517206e-05
19 10 2.728374148582814e-06
20 10 -0.012431639100274172
21 10 -0.00043792382695400023
22 10 -1.7248754991639856e-05
23 10 0.013722523597936281
24 10 1.3076724762014571e-06
25 10 1.2959602179671738e-07
26 10 5.3930444168061916e-09
51 10 3.0202652948551035e-10
85 10 8.7797446335698247e-08
111 10 6.7305636852051337e-08
132 10 9.8018998790091096e-08
133 10 -2.8206501124432567e-10
134 10 1.0241663043749373e-07
135 10 9.2648721856404313e-08
136 10 -2.2289568890948611e-10
137 10 -1.4804029968243355e-10
2 11 -0.00044329463581932314
3 11 -6.5907307792132835e-08
4 11 1.1080814138694039e-08
5 11 4.0839969237893214e-08
6 11 4.0191133625295909e-07
7 11 -0.012805251868824667
8 11 -1.5178931409075842e-06
9 11 3.2564657477080466e-07
10 11 3.8689454486756028e-06
11 11 -2688.9935540225024
12 11 0.013052480182348626
13 11 0.00053487541934080208
14 11 -0.012971734650104948
15 11 1.3076604934712734e-06
16 11 -0.00043516389070299207
17 11 2.112536771560072e-07
18 11 2.4579915622779765e-07
19 11 1.3687062780520326e-09
20 11 2.4216813480817298e-05
21 11 1.2158811832547789e-09
22 11 1.9325121830148264e-10
23 11 5.0173056318560383e-08
24 11 1.0629714652989931e-06
70 11 -4.2713001419488615e-10
86 11 9.2839210802096959e-08
130 11 1.001374180671378e-07
145 11 5.9873170062311586e-08
148 11 1.9945008218632249e-10
149 11 -4.8614066267597298e-08
151 11 -5.3605899990458966e-08
152 11 1.1144784445474307e-10
2 12 -6.5907307792132835e-08
3 12 -0.00045090440549317324
4 12 3.1347699450240364e-07
5 12 9.9553659343024923e-07
6 12 7.6484630384918963e-06
7 12 -1.5138014706337768e-06
8 12 -0.012971918251269868
9 12 8.7646194832281419e-06
10 12 8.8526430339982886e-05
11 12 0.013052480182348626
12 12 -2689.0269760704377
13 12 0.013805921729509642
14 12 8.7532447175373914e-06
15 12 -0.012431639395802153
16 12 7.0142930924039414e-05
17 12 -0.00040717095190804614
18 12 6.4849137406460691e-06
19 12 2.1279308729068939e-07
20 12 0.00056865132876682571
21 12 2.4631562580321462e-07
22 12 1.7351275399306465e-08
23 12 1.2002081023958354e-06
24 12 2.4216813441134075e-05
25 12 1.2428534472023659e-08
71 12 -4.2713001419488615e-10
87 12 9.2839210802096959e-08
131 12 1.001374180671378e-07
146 12 5.8028934513374753e-08
149 12 1.4103250562216283e-10
150 12 -5.8670147994186855e-08
152 12 9.0166134623837858e-08
153 12 1.5761105312514479e-10
1 13 1.030826299970075e-07
2 13 4.3491723575027334e-09
3 13 1.2956735140380955e-07
4 13 -0.00043510047578017167
5 13 7.0079549886782109e-05
6 13 0.0013335673359271265
7 13 1.3884524257005265e-07
8 13 1.3160015351913138e-06
9 13 -0.012431636966142101
10 13 0.0082948820814374904
11 13 0.00053487541934080208
12 13 0.013805921729509642
13 13 -2689.0466548274903
14 13 8.8317750547826351e-05
15 13 0.0082948820814371053
16 13 0.0013335673357305153
17 13 7.0079596392069564e-05
18 13 -0.012431636672461029
19 13 -0.00043510046881041329
20 13 0.013805921812825039
21 13 1.3160135296537e-06
22 13 1.2956767917409257e-07
23 13 8.8317738539783801e-05
24 13 0.00053487541441418242
25 13 1.3884563317751223e-07
26 13 4.3491722666879719e-09
72 13 -4.2713001419488615e-10
88 13 9.2839210802096959e-08
132 13 9.7529260692098369e-08
147 13 6.7812225497911954e-08
154 13 -2.8206501124432567e-10
155 13 9.7352995342066136e-08
156 13 9.2648721856404313e-08
157 13 -2.2289568890948611e-10
158 13 1.0468029979433748e-10
1 14 -2.8206501124432567e-10
2 14 -1.7710782311004187e-05
3 14 1.0528889966347408e-08
4 14 3.6628916398107176e-08
5 14 5.5383334305009246e-08
6 14 1.2755517479589543e-06
7 14 -0.00045373207555337073
8 14 3.1357124623506312e-07
9 14 9.9529296908062804e-07
10 14 7.6300472117580048e-06
11 14 -0.012971734650104948
12 14 8.7532447175373914e-06
13 14 8.8317750547826351e-05
14 14 -2689.035788017979
15 14 0.013722523524276112
16 14 -0.01235920198813154
17 14 6.4327225392252243e-06
18 14 0.00056515575854477129
19 14 2.44391095551227e-07
20 14 1.2002081023681291e-06
21 14 2.4217263035095131e-05
22 14 1.2374265486355901e-08
23 14 7.1720349604174366e-08
24 14 5.0173040071638548e-08
25 14 1.0530619180733995e-06
26 14 5.2695345742081066e-10
73 14 -4.2713001419488615e-10
89 14 9.2839210802096959e-08
133 14 1.0257591707955539e-07
154 14 1.0064412035080356e-07
160 14 -2.8206501124432567e-10
161 14 5.756016268558439e-08
163 14 -5.1784297735264099e-08
164 14 1.1144784445474307e-10
169 14 -1.0468029979433748e-10
1 15 1.0241663043749371e-07
2 15 5.3930340545589563e-09
3 15 -1.724875520676452e-05
4 15 2.7283727549229166e-06
5 15 5.30659869324595e-06
6 15 0.0004139255910718914
7 15 1.2959569395077343e-07
8 15 -0.00043792383419543354
9 15 7.0229852017580032e-05
10 15 0.0013344760386449443
11 15 1.3076604934712734e-06
12 15 -0.012431639395802153
13 15 0.0082948820814371053
14 15 0.013722523524276112
15 15 -2689.0466429968651
16 15 0.0082864819143100097
17 15 -0.012357202736283549
18 15 0.013805918252511854
19 15 1.3044605493526373e-06
20 15 8.8526418287106096e-05
21 15 0.00053834507336705394
22 15 1.3872429002241502e-07
23 15 7.6300493919008034e-06
24 15 3.8689434177555684e-06
25 15 2.3059331195863866e-05
26 15 6.1480161102651361e-09
74 15 -4.2713001419488615e-10
90 15 9.2839210802096959e-08
134 15 1.0257591707955539e-07
155 15 9.8035977425286522e-08
161 15 -1.9945008218632249e-10
162 15 6.714634918697627e-08
164 15 8.7590000009291864e-08
165 15 1.5761105312514479e-10
170 15 -1.0468029979433748e-10
1 16 9.264872185640434e-08
2 16 -6.9414231102960805e-07
3 16 1.0101321079966221e-07
4 16 2.518526684224118e-07
5 16 6.8673230072366767e-07
6 16 0.00017727037220097381
7 16 -1.725068806078605e-05
8 16 2.7300474858198206e-06
9 16 5.3202149874325083e-06
10 16 0.00041392559099727336
11 16 -0.00043516389070299207
12 16 7.0142930924039414e-05
13 16 0.0013335673357305153
14 16 -0.01235920198813154
15 16 0.0082864819143100097
16 16 -2689.0467367940614
17 16 0.01371998260680516
18 16 8.8419681552169256e-05
19 16 0.00053479082687267856
20 16 7.6484652115795406e-06
21 16 3.8726992381698447e-06
22 16 2.3056503813793243e-05
23 16 1.2755533678117007e-06
24 16 4.0191116797849789e-07
25 16 1.615060785806921e-07
26 16 1.0119890247281675e-06
75 16 -4.2713001419488615e-10
91 16 9.2839210802096959e-08
135 16 1.0257591707955539e-07
156 16 1.0308262999700749e-07
163 16 1.9945008218632249e-10
164 16 9.7376926917225239e-08
166 16 5.745112058322901e-08
167 16 -1.5761105312514479e-10
171 16 -1.4804029968243355e-10
1 17 -2.2289568890948614e-10
2 17 -1.4153054147596834e-09
3 17 -6.6242225395200547e-07
4 17 2.9964722320228404e-08
5 17 4.3454527031174431e-08
6 17 6.8673615148689442e-07
7 17 8.9875284789537734e-09
8 17 -1.6254130839749676e-05
9 17 8.0897710085592653e-07
10 17 5.3066092827064379e-06
11 17 2.112536771560072e-07
12 17 -0.00040717095190804614
13 17 7.0079596392069564e-05
14 17 6.4327225392252243e-06
15 17 -0.012357202736283549
16 17 0.01371998260680516
17 17 -2689.0139446745961
18 17 8.7527280708680754e-06
19 17 0.013135612911745786
20 17 9.9553675120747294e-07
21 17 3.2576956665032262e-07
22 17 0.00051596438841402061
23 17 5.5383370043899467e-08
24 17 4.0839965826657192e-08
25 17 1.1733717146315846e-08
26 17 2.2294840386980078e-05
76 17 -4.2713001419488615e-10
92 17 9.2839210802096959e-08
136 17 1.0257591707955539e-07
157 17 1.0047448707149044e-07
164 17 1.4103250562216283e-10
165 17 -5.8775361510723182e-08
167 17 5.0775262186603245e-08
168 17 -2.2289568890948614e-10
172 17 -1.4804029968243355e-10
1 18 -1.4804029968243355e-10
3 18 9.043267086902956e-09
4 18 -1.6254407339381837e-05
5 18 8.0897710031526338e-07
6 18 5.3202255800702016e-06
7 18 1.7347287340274878e-08
8 18 2.1314137517833095e-07
9 18 -0.00040997010654809967
10 18 7.0229898559517206e-05
11 18 2.4579915622779765e-07
12 18 6.4849137406460691e-06
13 18 -0.012431636672461029
14 18 0.00056515575854477129
15 18 0.013805918252511854
16 18 8.8419681552169256e-05
17 18 8.7527280708680754e-06
18 18 -2689.0227557050512
19 18 -0.012897192867210396
20 18 8.7646250430652785e-06
21 18 0.013135439118418957
22 18 -1.5143969075594343e-06
23 18 9.9529312617680741e-07
24 18 3.2564679005128971e-07
25 18 0.0005125118595097585
26 18 -7.1477240054263732e-08
77 18 -4.2713001419488615e-10
93 18 9.2839210802096959e-08
137 18 9.996775970451596e-08
158 18 -5.9243454421221513e-08
169 18 -1.9945008218632249e-10
170 18 5.7648454023041249e-08
171 18 9.007258724185832e-08
172 18 -2.2289568890948611e-10
175 18 -1.4804029968243355e-10
4 19 -6.5399657041775332e-07
5 19 2.9964718654929998e-08
6 19 2.5185300252591186e-07
7 19 -1.8223347639981212e-09
8 19 9.4288750909709711e-10
9 19 -1.625440739308567e-05
10 19 2.728374148582814e-06
11 19 1.3687062780520326e-09
12 19 2.1279308729068939e-07
13 19 -0.00043510046881041329
14 19 2.44391095551227e-07
15 19 1.3044605493526373e-06
16 19 0.00053479082687267856
17 19 0.013135612911745786
18 19 -0.012897192867210396
19 19 -2688.9674867107433
20 19 3.1347713245317591e-07
21 19 -1.5184909752269292e-06
22 19 0.013321301724311349
23 19 3.6628919926863798e-08
24 19 1.1080818246263765e-08
25 19 -7.1477240054263732e-08
26 19 0.00052168708872926076
78 19 -4.2713001419488615e-10
94 19 9.2839210802096959e-08
138 19 9.996775970451596e-08
159 19 -6.0967741128041121e-08
171 19 1.4103250562216283e-10
172 19 -4.8750894862048383e-08
173 19 5.2530716453638121e-08
174 19 -1.5761105312514479e-10
176 19 1.0468029979433748e-10
3 20 1.7351273612965727e-08
4 20 2.127928984799039e-07
5 20 -0.00040717095164949168
6 20 7.0142977429734488e-05
7 20 1.2428552223287609e-08
8 20 2.4631590768614997e-07
9 20 6.4849137406426268e-06
10 20 -0.012431639100274172
11 20 2.4216813480817298e-05
12 20 0.00056865132876682571
13 20 0.013805921812825039
14 20 1.2002081023681291e-06
15 20 8.8526418287106096e-05
16 20 7.6484652115795406e-06
17 20 9.9553675120747294e-07
18 20 8.7646250430652785e-06
19 20 3.1347713245317591e-07
20 20 -2689.0269760694509
21 20 -0.012971918273988243
22 20 -0.00045090440679521239
23 20 8.7532502674438493e-06
24 20 0.013052480207390067
25 20 -1.5138014175798474e-06
26 20 -6.5907306446523272e-08
79 20 3.0202652948551035e-10
95 20 9.0228814847561556e-08
139 20 -5.8885176226359157e-08
180 20 5.8119323543861141e-08
181 20 -2.8206501124432567e-10
182 20 9.983332350796657e-08
183 20 9.2648721856404313e-08
184 20 -2.2289568890948611e-10
185 20 -1.4804029968243355e-10
3 21 -1.8217075446628489e-09
4 21 9.4288750233653342e-10
5 21 -1.6254130875453748e-05
6 21 2.7300488800822177e-06
7 21 1.9522569492093429e-10
8 21 1.4246711375093508e-09
9 21 2.1314156407576982e-07
10 21 -0.00043792382695400023
11 21 1.2158811832547789e-09
12 21 2.4631562580321462e-07
13 21 1.3160135296537e-06
14 21 2.4217263035095131e-05
15 21 0.00053834507336705394
16 21 3.8726992381698447e-06
17 21 3.2576956665032262e-07
18 21 0.013135439118418957
19 21 -1.5184909752269292e-06
20 21 -0.012971918273988243
21 21 -2688.9804841039686
22 21 -0.012731126649187151
23 21 3.1357138414919031e-07
24 21 -1.5178930834882138e-06
25 21 0.013237595044781735
26 21 -3.1823250129482049e-07
80 21 3.0202652948551035e-10
96 21 9.0228814847561556e-08
140 21 -6.0609455413956337e-08
185 21 -4.9081903409045063e-08
187 21 -1.9945008218632249e-10
188 21 5.9402310888717428e-08
189 21 9.007258724185832e-08
190 21 -2.2289568890948611e-10
193 21 -1.0468029979433748e-10
5 22 -6.6242225334225821e-07
6 22 1.0101325827623502e-07
8 22 -1.821707805745701e-09
9 22 9.043272459271297e-09
10 22 -1.7248754991639856e-05
11 22 1.9325121830148264e-10
12 22 1.7351275399306465e-08
13 22 1.2956767917409257e-07
14 22 1.2374265486355901e-08
15 22 1.3872429002241502e-07
16 22 2.3056503813793243e-05
17 22 0.00051596438841402061
18 22 -1.5143969075594343e-06
19 22 0.013321301724311349
20 22 -0.00045090440679521239
21 22 -0.012731126649187151
22 22 -2688.9501719527352
23 22 1.0528894550502616e-08
24 22 -6.5907306446523272e-08
25 22 -3.1823250129482049e-07
26 22 0.013287335074832943
81 22 3.0202652948551035e-10
97 22 9.0228814847561556e-08
141 22 -6.0609455413956337e-08
186 22 -5.0301158232147027e-08
189 22 1.4103250562216283e-10
190 22 -4.99910589449986e-08
191 22 5.2530716453638121e-08
192 22 -1.5761105312514479e-10
2 23 5.269544063083978e-10
3 23 1.2374283240688122e-08
4 23 2.4439137702485422e-07
5 23 6.4327225415219982e-06
6 23 -0.01235920168704828
7 23 1.0530619200364595e-06
8 23 2.4217263033463092e-05
9 23 0.00056515575802868465
10 23 0.013722523597936281
11 23 5.0173056318560383e-08
12 23 1.2002081023958354e-06
13 23 8.8317738539783801e-05
14 23 7.1720349604174366e-08
15 23 7.6300493919008034e-06
16 23 1.2755533678117007e-06
17 23 5.5383370043899467e-08
18 23 9.9529312617680741e-07
19 23 3.6628919926863798e-08
20 23 8.7532502674438493e-06
21 23 3.1357138414919031e-07
22 23 1.0528894550502616e-08
23 23 -2689.0357880169768
24 23 -0.012971734670960669
25 23 -0.0004537320765926608
26 23 -1.771078236733923e-05
85 23 2.1356500709744308e-10
98 23 -5.2021652666981876e-08
205 23 5.7763152159097531e-08
208 23 1.0049931232280455e-07
209 23 -2.8206501124432567e-10
210 23 1.0241663043749373e-07
211 23 9.2648721856404313e-08
212 23 -2.2289568890948611e-10
213 23 -1.4804029968243355e-10
3 24 1.9325169723215614e-10
4 24 1.3687062870574354e-09
5 24 2.1125386550843437e-07
6 24 -0.00043516388320817675
8 24 1.2158811838164809e-09
9 24 2.4579887483531619e-07
10 24 1.3076724762014571e-06
11 24 1.0629714652989931e-06
12 24 2.4216813441134075e-05
13 24 0.00053487541441418242
14 24 5.0173040071638548e-08
15 24 3.8689434177555684e-06
16 24 4.0191116797849789e-07
17 24 4.0839965826657192e-08
18 24 3.2564679005128971e-07
19 24 1.1080818246263765e-08
20 24 0.013052480207390067
21 24 -1.5178930834882138e-06
22 24 -6.5907306446523272e-08
23 24 -0.012971734670960669
24 24 -2688.9935540206243
25 24 -0.012805251877144864
26 24 -0.00044329463641574205
95 24 2.1356500709744308e-10
99 24 -5.374088982928386e-08
215 24 -4.883000558940599e-08
220 24 5.9873170062311586e-08
221 24 -2.8206501124432567e-10
222 24 9.983332350796657e-08
223 24 9.2648721856404313e-08
224 24 -2.2289568890948611e-10
225 24 -1.4804029968243355e-10
4 25 -1.8223350249593296e-09
5 25 8.9875338412014009e-09
6 25 -1.7250687827468887e-05
8 25 1.9522521593826339e-10
9 25 1.7347289118508779e-08
10 25 1.2959602179671738e-07
12 25 1.2428534472023659e-08
13 25 1.3884563317751223e-07
14 25 1.0530619180733995e-06
15 25 2.3059331195863866e-05
16 25 1.615060785806921e-07
17 25 1.1733717146315846e-08
18 25 0.0005125118595097585
19 25 -7.1477240054263732e-08
20 25 -1.5138014175798474e-06
21 25 0.013237595044781735
22 25 -3.1823250129482049e-07
23 25 -0.0004537320765926608
24 25 -0.012805251877144864
25 25 -2688.972019999771
26 25 -0.012686589837914609
96 25 2.1356500709744308e-10
100 25 -5.374088982928386e-08
216 25 -5.0049255095614785e-08
225 25 -5.0322060175401788e-08
227 25 -1.9945008218632249e-10
228 25 5.9402310888717428e-08
229 25 9.007258724185832e-08
230 25 -2.2289568890948611e-10
233 25 -1.0468029979433748e-10
5 26 -1.4153056584475572e-09
6 26 -6.9414230341626406e-07
10 26 5.3930444168061916e-09
13 26 4.3491722666879719e-09
14 26 5.2695345742081066e-10
15 26 6.1480161102651361e-09
16 26 1.0119890247281675e-06
17 26 2.2294840386980078e-05
18 26 -7.1477240054263732e-08
19 26 0.00052168708872926076
20 26 -6.5907306446523272e-08
21 26 -3.1823250129482049e-07
22 26 0.013287335074832943
23 26 -1.771078236733923e-05
24 26 -0.00044329463641574205
25 26 -0.012686589837914609
26 26 -2688.9505286725152
97 26 2.1356500709744308e-10
101 26 -5.374088982928386e-08
217 26 -5.0049255095614785e-08
226 26 -5.1541314998503752e-08
229 26 1.4103250562216283e-10
230 26 -4.99910589449986e-08
231 26 5.2530716453638121e-08
232 26 -1.5761105312514479e-10
27 27 -2684.6765230133506
28 27 0.018879811082633414
29 27 8.5199121731220436e-05
30 27 0.0007604028231979977
31 27 2.3173342652428345e-06
32 27 1.0564585841416923e-07
33 27 3.2208310420816453e-05
34 27 7.9561932768139372e-08
35 27 3.4743643427506207e-09
37 27 1.3906188776352277e-06
38 27 3.0198028208522516e-09
42 27 0.017802525466717962
43 27 6.3646502764842516e-07
45 27 1.4295448917285912e-07
48 27 -1.6904782834342797e-08
52 27 0.00060492428254277147
53 27 1.3181461558426564e-07
55 27 -8.6983447150054652e-09
58 27 2.4406914298643695e-05
59 27 -1.3999205136421652e-08
61 27 9.996533072335171e-07
62 27 -1.415305414759683e-09
82 27 -3.1452340601962612e-09
102 27 7.990078877546838e-05
112 27 -2.0028862213749605e-06
118 27 -6.2751406234041087e-08
121 27 -2.1627326503220148e-09
142 27 8.2022936950956768e-08
148 27 -2.4749299520123776e-09
27 28 0.018879811082633414
28 28 -2686.6934393471156
29 28 0.018875891472836349
30 28 0.013508659412017114
31 28 0.00046058614565056217
32 28 2.3147572146202889e-06
33 28 0.00051589651513439581
34 28 2.0080573427580109e-05
35 28 3.7372832790735729e-08
36 28 3.4725747462351908e-09
37 28 2.189218983243488e-05
38 28 8.8314501489666832e-07
42 28 6.3646502764842526e-07
43 28 0.017865510023521138
44 28 6.3646502764842526e-07
45 28 2.1692063690840638e-06
46 28 1.0108408869518758e-07
48 28 -3.6307688660363906e-07
49 28 -1.1953486576649738e-08
52 28 1.3181461558426567e-07
53 28 0.00061573677732036484
54 28 1.3181461558426567e-07
55 28 -3.2814749238971419e-07
56 28 -6.1506585330785319e-09
58 28 -1.6567133092315882e-08
59 28 2.4638796097486222e-05
60 28 -1.3999205136421657e-08
61 28 -4.8383647277691574e-08
62 28 -4.4420676883676898e-07
63 28 2.8306108295193669e-09
64 28 -4.6640791327407037e-08
70 28 -1.5328802695334291e-08
73 28 -1.2881417581697955e-09
82 28 -5.7708932997158832e-08
83 28 -2.2240163323836743e-09
86 28 -2.2115848064479686e-09
103 28 7.9900788775468394e-05
113 28 -2.0028862213749605e-06
119 28 -6.2751406234041087e-08
122 28 1.0813663251610074e-09
143 28 8.2022936950956782e-08
149 28 -2.4749299520123776e-09
27 29 8.5199121731220436e-05
28 29 0.018875891472836349
29 29 -2684.6969017720853
30 29 -1.9625030728241199e-05
31 29 0.018856326174008162
32 29 8.5310931475111976e-05
33 29 -4.7862973327623208e-07
34 29 0.00073916862031578974
35 29 2.3186548078005164e-06
36 29 1.0585902777211165e-07
37 29 -1.4899233306995341e-08
38 29 3.1641253492991644e-05
39 29 7.9461666529864855e-08
40 29 3.4725742951519675e-09
43 29 6.3646502764842516e-07
44 29 0.017928494580324302
46 29 3.0677210667447802e-06
49 29 -5.1346825721906472e-07
53 29 1.3181461558426564e-07
54 29 0.00062654927209795832
56 29 -4.640706341962557e-07
59 29 -1.6567133092315879e-08
60 29 2.4870677896328743e-05
62 29 1.0101321079966218e-07
63 29 8.4355460275514387e-07
65 29 -6.5960039655032468e-08
71 29 -2.1678200666683008e-08
74 29 -1.8217075446628485e-09
83 29 -8.161275571466224e-08
87 29 -3.1276532276169933e-09
104 29 7.990078877546838e-05
114 29 -2.0028862213749605e-06
120 29 -6.2751406234041087e-08
123 29 -2.1627326503220148e-09
144 29 8.2022936950956768e-08
150 29 -2.4749299520123776e-09
27 30 0.0007604028231979977
28 30 0.013508659412017114
29 30 -1.9625030728241199e-05
30 30 -2686.7745218309337
31 30 0.01352389523443066
32 30 0.00076031276495808512
33 30 0.012946722302823573
34 30 1.7313740258396639e-06
35 30 2.0081856447024363e-05
36 30 7.9461676830584153e-08
37 30 0.0005028142371577654
38 30 7.9069534052618226e-08
39 30 8.8323162009745347e-07
42 30 1.4295448917285915e-07
43 30 2.1706538421341157e-06
45 30 0.018101896267652018
46 30 4.5004873703828489e-07
47 30 1.4295448917285915e-07
48 30 -1.3279927907137455e-05
50 30 -1.1953486576649738e-08
52 30 -1.2064165605601121e-08
53 30 -3.9316937027002098e-07
55 30 0.00061625506298774242
56 30 9.3207008539132207e-08
57 30 -8.6983447150054668e-09
58 30 -1.8314458199053588e-08
59 30 -9.2118192471851628e-07
61 30 -1.259263342112059e-07
62 30 -1.0594129174502701e-08
64 30 -1.1187202316431416e-05
65 30 3.8134509511486186e-09
66 30 -4.4326320844130533e-07
67 30 -1.0007720562266112e-09
70 30 -1.4650858131158511e-06
73 30 -2.0171042267930993e-08
82 30 -1.6300778723864184e-06
84 30 -2.2240163323836743e-09
86 30 -9.2177003858677509e-08
89 30 -1.288585453742498e-09
105 30 7.9900788775468394e-05
115 30 -2.0028862213749605e-06
124 30 3.1375703117020544e-08
126 30 1.0813663251610074e-09
145 30 8.2022936950956782e-08
154 30 1.2374649760061888e-09
1 31 1.7540181393680577e-09
27 31 2.3173342652428345e-06
28 31 0.00046058614565056217
29 31 0.018856326174008162
30 31 0.01352389523443066
31 31 -2686.7403878646992
32 31 0.018856321082006987
33 31 1.7170459039178513e-06
34 31 0.013134793016546676
35 31 0.00044554423738805933
36 31 2.3186550111176739e-06
37 31 7.9069534052618226e-08
38 31 0.00051204723282213902
39 31 1.968260755974325e-05
40 31 3.7372832780766257e-08
41 31 3.4743647927432887e-09
43 31 1.0108408869518758e-07
44 31 3.0697681027633337e-06
45 31 4.5004873703828489e-07
46 31 0.018164880824455183
47 31 3.0677210667447811e-06
49 31 -1.3279927907137455e-05
50 31 -3.6307688660363906e-07
53 31 -8.5306533090780631e-09
54 31 -5.5602545574555286e-07
55 31 9.3207008539132207e-08
56 31 0.0006270675577653359
57 31 -4.6407063419625581e-07
59 31 -1.2950277586308355e-08
60 31 -1.3027479713498772e-06
62 31 1.7808672970141443e-07
63 31 -1.4982361160114202e-08
64 31 7.4450494935712523e-09
65 31 -1.0860499817931568e-05
66 31 7.1427126345867324e-08
67 31 -4.2083374098210829e-07
68 31 5.6916772568129528e-08
71 31 -1.4650858131158511e-06
72 31 -1.5328802695334291e-08
74 31 -2.0171042267930993e-08
77 31 -1.2881417581697955e-09
83 31 -1.6300778723864184e-06
84 31 -5.7708932997158832e-08
87 31 -9.2177003858677509e-08
88 31 -2.2115848064479686e-09
90 31 -1.288585453742498e-09
106 31 7.9900788775468394e-05
116 31 -2.0028862213749605e-06
125 31 3.1375703117020544e-08
127 31 1.0813663251610074e-09
146 31 8.2022936950956782e-08
155 31 1.2374649760061888e-09
1 32 4.4810813154084551e-08
27 32 1.0564585841416923e-07
28 32 2.3147572146202889e-06
29 32 8.5310931475111976e-05
30 32 0.00076031276495808512
31 32 0.018856321082006987
32 32 -2684.7703693830244
33 32 -4.7793745147124839e-07
34 32 -1.9636193604054446e-05
35 32 0.018327303124475929
36 32 8.5310931475096296e-05
37 32 -8.0040029325546486e-09
38 32 -4.7793744904514369e-07
39 32 0.0007336578788041439
40 32 2.3147570113045091e-06
41 32 1.0564585841112992e-07
45 32 1.4295448917285912e-07
46 32 3.0697681027633329e-06
47 32 0.018401267068586059
50 32 -1.8780654153610742e-05
55 32 -1.2064165605601117e-08
56 32 -5.5602545574555275e-07
57 32 0.00062758584343271327
64 32 3.6628916398107169e-08
65 32 2.7283727549229161e-06
66 32 2.5185266842241174e-07
67 32 2.9964722320228397e-08
68 32 2.0314779396093779e-05
69 32 8.297517660378137e-07
72 32 -2.0719442269488503e-06
77 32 -2.8526161542508964e-08
84 32 -2.3052782348531521e-06
88 32 -1.3035796899585883e-07
93 32 -1.8223350249593292e-09
107 32 7.990078877546838e-05
117 32 -2.0028862213749605e-06
128 32 -6.2751406234041087e-08
129 32 -2.1627326503220148e-09
147 32 8.2022936950956768e-08
158 32 -2.4749299520123776e-09
1 33 1.8264399058519307e-09
2 33 -3.0202652948551035e-10
27 33 3.2208310420816453e-05
28 33 0.00051589651513439581
29 33 -4.7862973327623208e-07
30 33 0.012946722302823573
31 33 1.7170459039178513e-06
32 33 -4.7793745147124839e-07
33 33 -2686.8848124369861
34 33 0.013336580068427365
35 33 0.00053089508107657035
36 33 3.2205876991540607e-05
37 33 0.013363309524267238
38 33 3.526844901963436e-07
39 33 7.9069535490550251e-08
40 33 8.8314501378089776e-07
41 33 3.0198033154119366e-09
42 33 -1.9697636213424395e-08
43 33 -4.2920744037731394e-07
45 33 -1.5913290417294839e-05
48 33 0.017746580514113947
49 33 4.5004873703828489e-07
50 33 1.0108408869518758e-07
51 33 -1.69047828343428e-08
52 33 -2.0419984618946607e-08
53 33 -3.4278113698858332e-07
55 33 -2.338701031135817e-05
58 33 -2.7691667152504626e-08
59 33 -1.8742337478776865e-06
61 33 -3.4336615036183383e-07
62 33 -1.5363495368498784e-08
64 33 -3.0585427792330816e-07
66 33 -1.059412787862402e-08
70 33 -0.00027302667070324305
71 33 -4.6603504269566104e-08
72 33 3.075329266539266e-09
73 33 -1.1186759010935647e-05
74 33 3.8134509511486186e-09
75 33 -4.4420676840561264e-07
76 33 -1.0007720562266112e-09
82 33 -8.1730798606825979e-05
85 33 -2.2240163323836743e-09
86 33 -1.4658469447889159e-06
89 33 -4.6666964887128389e-08
91 33 -1.0007722285399591e-09
108 33 7.9900788775468394e-05
130 33 1.0014431106874803e-06
133 33 3.1375703117020544e-08
135 33 1.0813663251610074e-09
178 33 8.2022936950956782e-08
181 33 1.2374649760061888e-09
1 34 4.6728937881567504e-08
3 34 -3.0202652948551035e-10
27 34 7.9561932768139372e-08
28 34 2.0080573427580109e-05
29 34 0.00073916862031578974
30 34 1.7313740258396639e-06
31 34 0.013134793016546676
32 34 -1.9636193604054446e-05
33 34 0.013336580068427365
34 34 -2686.8756963787837
35 34 0.013508865155072252
36 34 0.00073916862629382735
37 34 3.526844901963436e-07
38 34 0.013412704201689916
39 34 1.7313740252135143e-06
40 34 1.9681324517696908e-05
41 34 7.9561943052858257e-08
43 34 -1.3928332139858097e-08
44 34 -6.06990983253039e-07
46 34 -1.5913290417294839e-05
48 34 4.5004873703828489e-07
49 34 0.017809565070917115
50 34 2.1692063690840634e-06
51 34 -5.1346825721906472e-07
53 34 -1.4439109595782143e-08
54 34 -4.8476573285492443e-07
56 34 -2.338701031135817e-05
59 34 -1.9580965625896792e-08
60 34 -2.6505667853059807e-06
62 34 4.8559306670154477e-07
63 34 -2.1727263515587216e-08
65 34 -3.0585427792330816e-07
67 34 -1.059412787862402e-08
70 34 -4.6603504269566104e-08
71 34 -0.00027840759044289021
72 34 9.1617952798014057e-08
73 34 7.4450494935712523e-09
74 34 -1.0860056512435798e-05
75 34 7.1427126345867324e-08
76 34 -4.217773009464156e-07
77 34 6.3945554812301942e-09
79 34 4.3269270537172847e-09
80 34 3.6434150893256977e-09
83 34 -8.1730798606825979e-05
85 34 -5.7708932997158832e-08
87 34 -1.4658469447889159e-06
90 34 -4.6666964887128389e-08
92 34 -1.0007722285399591e-09
95 34 -2.2115848064479686e-09
109 34 7.9900788775468394e-05
131 34 1.0014431106874803e-06
134 34 3.1375703117020544e-08
136 34 1.0813663251610074e-09
179 34 8.2022936950956782e-08
182 34 1.2374649760061888e-09
1 35 1.2719187565219389e-06
4 35 -3.0202652948551035e-10
27 35 3.4743643427506207e-09
28 35 3.7372832790735729e-08
29 35 2.3186548078005164e-06
30 35 2.0081856447024363e-05
31 35 0.00044554423738805933
32 35 0.018327303124475929
33 35 0.00053089508107657035
34 35 0.013508865155072252
35 35 -2686.8680558957967
36 35 0.018327308442289147
37 35 7.9069535490550251e-08
38 35 1.717045903293863e-06
39 35 0.013600019346010635
40 35 0.00044173829912590049
41 35 2.3173344681920884e-06
45 35 -1.3928332139858097e-08
46 35 -4.2920744037731394e-07
47 35 -2.2504791130120172e-05
48 35 1.0108408869518758e-07
49 35 2.1706538421341153e-06
50 35 0.018045951315047992
51 35 -1.8780654153610745e-05
55 35 -1.4439109595782143e-08
56 35 -3.4278113698858332e-07
57 35 -3.3074227165682148e-05
64 35 3.9161931251793585e-08
