%%MatrixMarket matrix coordinate real general
251 251 13057
1 1 -2680.3397194479148
3 1 -4.0897148075140008e-08
4 1 -7.4318498713624343e-06
5 1 -0.0032942142800001669
6 1 -0.0023731862523616778
7 1 -4.1888958648615392e-08
8 1 -7.4124179251240557e-06
9 1 -0.0032878987314937506
10 1 -0.00018035749261424708
11 1 -7.4020673537883347e-06
12 1 -0.0032872032770197793
13 1 7.6660808344177193e-08
14 1 -0.0032850838516156489
15 1 0.00018051134125703436
16 1 0.0023733442629201547
17 1 0.0032942168761294706
18 1 0.0032879013357543442
19 1 7.4318509752074287e-06
20 1 0.003287205887484559
21 1 7.4124191030675186e-06
22 1 4.0897165727735227e-08
23 1 0.0032850865000999515
24 1 7.4020686731896236e-06
25 1 4.1888975084870717e-08
35 1 1.6815130163008275e-08
36 1 6.4316504279893307e-06
38 1 1.466328494694703e-09
39 1 3.5304419488541186e-07
40 1 7.1594595734047968e-05
41 1 0.035700852208393127
47 1 -1.4461087821969601e-08
50 1 2.0944184280367866e-07
51 1 -7.5390185587853977e-06
57 1 -8.4183608261596043e-08
65 1 -4.2954580169813279e-08
66 1 -7.6450186236264713e-09
71 1 -8.6751555488536425e-09
72 1 -1.2764316736326167e-05
74 1 -2.0417267616731725e-06
75 1 -6.0943029994279759e-07
76 1 -1.0141342599268066e-08
77 1 -5.4952217352902316e-08
79 1 -1.5049590262952861e-07
83 1 1.5652694517929925e-08
84 1 2.3233112532622752e-06
85 1 -0.0018088567439600942
86 1 3.1272673416730355e-09
87 1 2.7561960724135402e-07
88 1 -0.00027747732773424722
89 1 2.4826380393401258e-08
90 1 -8.4774182915268014e-05
91 1 -3.6112916541322048e-05
92 1 -6.0943113789572677e-07
93 1 -2.0419466989301833e-06
94 1 -7.6450154882147673e-09
95 1 -1.2765216987981838e-05
96 1 -4.2957362207791788e-08
98 1 -7.5354597496978108e-06
99 1 -8.4155387027876386e-08
106 1 1.6814236790256574e-08
107 1 6.4312612690177595e-06
108 1 1.4664153180312208e-09
109 1 3.5310651844264241e-07
110 1 7.1616529092764555e-05
111 1 0.035705525124166505
114 1 -1.4459969395089879e-08
116 1 2.0943226080167585e-07
117 1 -7.5389255752131517e-06
120 1 -8.4186057214486469e-08
122 1 -4.2957369175412444e-08
124 1 -8.6756441317824134e-09
125 1 -1.2762986358007399e-05
126 1 -2.0419443265409016e-06
127 1 -5.4952217341353233e-08
128 1 -1.5049537108681113e-07
130 1 1.5650870219846535e-08
131 1 2.3240843841046259e-06
132 1 -0.0018082584521367817
133 1 2.756527417507991e-07
134 1 -0.00027735646089771461
135 1 -8.4774182909466272e-05
136 1 -2.0417291332576839e-06
137 1 -1.2762997907057501e-05
138 1 -4.2954573203510011e-08
139 1 -7.5388144847592221e-06
140 1 -8.4185901074750176e-08
143 1 1.6813257146614252e-08
144 1 6.4312612610337074e-06
145 1 3.5307741432819618e-07
146 1 7.1616529149888023e-05
147 1 0.035705525155874614
148 1 -1.4459145943517587e-08
149 1 2.0943308879665868e-07
150 1 -7.5389255937599452e-06
151 1 -8.415554307904387e-08
152 1 -1.2765205437303734e-05
153 1 -1.5049590264943116e-07
154 1 2.3235143870208341e-06
155 1 -0.0018082584521367715
156 1 -0.00027747732771642717
157 1 -1.2764328283904652e-05
158 1 -7.5388144662176031e-06
159 1 -8.4183452116656414e-08
160 1 6.4308887575306834e-06
161 1 7.1609034929162222e-05
162 1 0.035705525124166373
163 1 -7.5355708333323739e-06
164 1 -0.0018088567438724985
165 1 -7.5389074451578469e-06
166 1 0.035700852206627443
167 1 7.1594567245708663e-05
168 1 6.4316567572920488e-06
169 1 2.2084271584819062e-07
170 1 7.1616500627063039e-05
171 1 2.3233032944042487e-06
172 1 -2.1601370879852696e-07
173 1 3.5304423657396763e-07
174 1 1.6815140055953342e-08
175 1 6.431267598269692e-06
176 1 -1.4461105029772687e-08
179 1 2.2085653773053632e-07
180 1 7.1616500684207188e-05
181 1 1.3450649137691558e-08
182 1 2.3240764269449603e-06
183 1 2.7561790359865853e-07
184 1 -8.6752177903018465e-09
185 1 -2.1600269216498709e-07
188 1 3.5310656016150979e-07
189 1 1.5652700339846488e-08
191 1 1.4663287837178627e-09
193 1 1.6814246683427726e-08
196 1 6.4312675902856171e-06
197 1 -1.445998660307093e-08
204 1 2.2084271585949538e-07
205 1 7.1609006460689973e-05
207 1 1.3450649139226266e-08
208 1 2.3235064294816511e-06
209 1 2.2493177503382279e-09
210 1 2.7565103834737553e-07
211 1 2.4825735547921376e-08
213 1 -8.675706372375789e-09
215 1 -2.1600780524548695e-07
220 1 3.5307745599391928e-07
222 1 1.5650876031213421e-08
223 1 3.1272714074550903e-09
228 1 1.4664155880233489e-09
236 1 1.6813267038655522e-08
242 1 6.4308950865959536e-06
243 1 -1.4459163151157926e-08
2 2 -2680.0516172354578
3 2 0.0023557558318802914
4 2 8.0281675753464283e-06
5 2 3.6517118406003928e-08
6 2 -1.0123691293843056e-09
7 2 0.0028190271854531216
8 2 1.3215238002422855e-09
11 2 2.6985424163726545e-06
14 2 2.25330609255513e-08
28 2 -2.7467448729138102e-08
30 2 -5.0607716428811016e-06
33 2 -0.0023393865092046942
34 2 -4.1367657580094193e-09
37 2 -0.0022206088287011695
38 2 -2.3909955398943791e-07
39 2 -4.7059045545853246e-09
42 2 3.1422040811860005e-08
43 2 3.7841934006470721e-06
45 2 0.0016556891737575217
46 2 1.8336983867628598e-08
48 2 0.0059543648057915118
49 2 6.3086583983185171e-07
50 2 1.9301492468687685e-08
52 2 5.556923837484397e-06
53 2 0.001670900131477912
54 2 -1.9245676995997155e-07
55 2 0.0029966781548594603
56 2 4.3745116869647176e-06
57 2 -5.5975548011851142e-08
58 2 0.0024061244214794472
59 2 0.0057230423450722852
60 2 -4.2214608739578486e-05
61 2 -0.001131829060912571
62 2 -0.0016940868821814928
63 2 -6.8726678077412767e-06
64 2 -0.0016321749534901344
65 2 7.4503106997361419e-08
66 2 -3.9099173684647551e-06
67 2 9.7101738999380522e-09
68 2 -1.3569173387682614e-08
70 2 -0.0016160367642249289
71 2 2.91767610924473e-09
73 2 -3.6270144685330032e-06
75 2 -2.1388547912598477e-08
82 2 -0.0016642399605194648
86 2 -3.7326263790998094e-06
89 2 -1.9636977747070309e-08
105 2 1.8025631999797709e-07
108 2 5.9407446446449439e-05
113 2 -5.2467818581186203e-09
115 2 -2.5241192005575246e-06
118 2 -1.2877795965406171e-09
119 2 -4.1676272824983213e-07
121 2 -1.6496822337310003e-07
122 2 -1.281308556573585e-09
124 2 -5.7589267322047149e-09
130 2 4.787033793815911e-08
145 2 1.8785352880109284e-07
149 2 -3.3598636304495539e-09
151 2 -1.093936254027101e-09
178 2 9.0661914291686761e-09
202 2 6.0256415733728812e-06
206 2 4.8740578659773457e-09
1 3 -4.0897148075140008e-08
2 3 0.0023557558318802914
3 3 -2680.0570568524804
4 3 0.0023530753524885891
5 3 7.9262898633201497e-06
6 3 3.6350467818255649e-08
7 3 1.3215238002422855e-09
8 3 0.002820996402951823
9 3 7.3593055601869176e-09
12 3 2.705295339531519e-06
15 3 2.3674640367617642e-08
29 3 -4.1393908621124102e-08
31 3 -5.1483330547846059e-06
33 3 -4.1367657580094193e-09
34 3 -0.0023451212027494196
35 3 -2.593806742931343e-08
37 3 -2.3909955398943791e-07
38 3 -0.0026392227475582905
39 3 -8.9251941658746865e-07
40 3 -2.7303818164827164e-08
43 3 2.00145304809849e-08
44 3 5.5513818621680822e-06
45 3 1.8336983867628598e-08
46 3 0.0016732226008185252
47 3 -1.9245587724874503e-07
48 3 6.3086583983185171e-07
49 3 0.0067625348073585114
50 3 4.3749956019099091e-06
51 3 -5.597379882047594e-08
52 3 1.2108644974916279e-08
53 3 3.281896517258391e-06
54 3 0.0024088613969252813
55 3 4.3740360062678084e-06
56 3 0.0066266042054355708
57 3 -4.221442218814449e-05
58 3 6.8722145834709199e-06
59 3 0.0016048109775157532
60 3 0.00084608685914822621
61 3 4.2211215922036733e-05
62 3 0.011827761699902399
63 3 -0.0024057413990516206
64 3 2.2352480756461615e-07
65 3 -0.001686841487763986
66 3 8.7241463368296285e-06
67 3 -3.6797051736798156e-06
68 3 -6.8726118230715864e-06
69 3 -1.2110263035331465e-08
70 3 2.91767610924473e-09
71 3 -0.001614067319678844
72 3 7.4507825319264633e-08
74 3 -3.8374776440154574e-06
75 3 3.8613449253386231e-08
76 3 -2.0448582863867614e-08
77 3 9.7101919983368084e-09
79 3 -1.3569945275661604e-08
83 3 -0.0016633672061753197
84 3 2.9184949455309146e-09
87 3 -3.7415478789587459e-06
90 3 -2.057674151315268e-08
106 3 1.8025631999797709e-07
109 3 5.9407446446449439e-05
114 3 -7.420070062564462e-09
116 3 -2.5241192005575246e-06
119 3 -9.1059768538754649e-10
120 3 -5.8939150258252532e-07
122 3 2.3330029885483227e-07
123 3 -1.8120439382910584e-09
125 3 -5.7589267322047149e-09
131 3 4.787033793815911e-08
146 3 1.8785352880109284e-07
150 3 -4.7515647139058643e-09
152 3 1.5470594868167452e-09
179 3 9.0661914291686761e-09
203 3 6.0256415733728812e-06
207 3 4.8740578659773457e-09
1 4 -7.4318498713624343e-06
2 4 8.0281675753464283e-06
3 4 0.0023530753524885891
4 4 -2680.0710901626294
5 4 0.0023306870969798947
6 4 8.1420188295561031e-06
8 4 7.3593055601869176e-09
9 4 0.0028299063913455845
10 4 -1.8719370742788968e-07
13 4 2.9428439350583125e-06
15 4 -4.2954580169813286e-08
16 4 -7.6450186236264729e-09
18 4 2.25330609255513e-08
20 4 -1.0885918837836081e-08
23 4 -9.767608642119497e-09
31 4 -2.6152260768510354e-08
32 4 -7.563336361275086e-06
34 4 -2.593806742931343e-08
35 4 -0.0023699197200433863
36 4 2.721830914914918e-07
37 4 -4.7059045545853246e-09
38 4 -8.9251941658746865e-07
39 4 -0.0037824201786939467
40 4 -6.1881571461689844e-06
41 4 7.9122318360051207e-08
44 4 1.2109348017933153e-08
45 4 2.0944479324307696e-08
46 4 3.2779548263975342e-06
47 4 0.0024121443581330056
48 4 1.9301492468687685e-08
49 4 4.3745198882570816e-06
50 4 0.010392412191339505
51 4 -4.2214422169738349e-05
53 4 1.7992210355268191e-08
54 4 6.8726086182934882e-06
55 4 3.8016179638124496e-06
56 4 0.0016067477373852505
57 4 0.0021235559032065318
58 4 1.3569163219347834e-08
59 4 -7.4510850283627364e-08
60 4 4.2214508897991583e-05
61 4 5.5948136248184885e-08
62 4 8.7236707003311662e-06
63 4 1.9246252346908516e-07
64 4 -0.0032793698855105961
65 4 0.0090389552262603347
66 4 0.0045810408132880738
67 4 0.003337352606734705
68 4 -0.0023954879104653316
69 4 -5.542224990277152e-06
71 4 2.2352322221474257e-07
72 4 -0.0016687340892249166
73 4 5.8369519741931478e-09
74 4 8.7227620368110896e-06
75 4 1.2622126370919013e-06
76 4 3.6681994451116925e-08
77 4 -3.6072548888176346e-06
78 4 -1.9518603085916541e-08
79 4 -6.8726118186716509e-06
80 4 -1.2109359197903697e-08
83 4 2.9184949455309146e-09
84 4 -0.0016613970866088373
85 4 7.4510977153854145e-08
88 4 -3.9519942374449072e-06
90 4 3.8603004225393316e-08
91 4 6.6551591854358766e-09
93 4 -1.9636977747070309e-08
95 4 9.7096287968043959e-09
98 4 -1.3569171421495308e-08
107 4 2.5492093244460368e-07
110 4 5.9407446446449439e-05
116 4 -5.2467818581186203e-09
117 4 -3.5696436064747862e-06
124 4 1.821195370775093e-09
125 4 8.3352545649966437e-07
126 4 2.3330029885483227e-07
127 4 2.5626171131471701e-09
128 4 -8.1443522893968778e-09
132 4 4.787033793815911e-08
147 4 2.6566500817015025e-07
155 4 6.7197272608991078e-09
156 4 1.5470594868167452e-09
180 4 9.0661914291686761e-09
204 4 6.0256415733728812e-06
208 4 4.8740578659773457e-09
1 5 -0.0032942142800001669
2 5 3.6517118406003928e-08
3 5 7.9262898633201497e-06
4 5 0.0023306870969798947
5 5 -2680.1095008983943
6 5 0.0024300668054059405
9 5 -3.3558448204475436e-07
10 5 0.0028926027983349769
12 5 -8.6751555488536442e-09
13 5 -1.2765046976880277e-05
15 5 -2.0417267616731729e-06
16 5 -6.094302999427977e-07
17 5 -1.0141342599268067e-08
18 5 -5.4952217352902329e-08
20 5 2.7096939668076438e-06
21 5 2.25330609255513e-08
23 5 -5.5229149007752972e-06
24 5 -1.0885086894818232e-08
32 5 -1.7126482418309e-08
34 5 -2.7467448729138102e-08
35 5 -4.4323624849615323e-06
36 5 -0.0034164262770582403
38 5 -2.7303818164827164e-08
39 5 -6.1874844961053804e-06
40 5 -0.0089169339228277328
41 5 5.969555142215287e-05
46 5 1.7993237889844369e-08
47 5 6.8726086226934373e-06
48 5 2.188424265118231e-08
49 5 3.7976994588830929e-06
50 5 0.0016090691415301449
51 5 0.0074492126621717412
54 5 1.3569937073603111e-08
56 5 -7.4507698447738967e-08
57 5 4.2214508916402027e-05
60 5 5.5974007318369345e-08
62 5 3.8613449253386231e-08
64 5 5.8369519741931478e-09
65 5 8.7222863220812419e-06
66 5 1.2622126370919013e-06
67 5 3.6681994451116925e-08
68 5 1.9245589099837771e-07
70 5 -7.4198279851753272e-06
71 5 -0.0032832338554369665
72 5 0.0072323412239152689
73 5 -0.0032833388832725517
74 5 0.0017937784260167221
75 5 0.0029643153285740138
76 5 0.0033023078650324666
77 5 0.0033228635892169202
78 5 7.5553961597559615e-06
79 5 -0.002369852983886523
80 5 -5.439714457612825e-06
81 5 -3.0721128065138622e-08
84 5 2.2351693742884038e-07
85 5 -0.0017160594777958968
87 5 5.8353143054505064e-09
88 5 8.7217957640805727e-06
90 5 1.2617312529481714e-06
91 5 3.3813765487763005e-07
92 5 5.8502749147087092e-09
93 5 3.6673995443354816e-08
95 5 -3.7217928513609784e-06
96 5 -1.8707027416156944e-08
98 5 -6.8722177838569041e-06
99 5 -1.2108656154539815e-08
110 5 1.8025631999797709e-07
111 5 8.4014816470522118e-05
131 5 1.0493563716237241e-08
132 5 5.0653326344770922e-06
133 5 1.821195370775093e-09
134 5 8.3352545649966437e-07
135 5 2.3330029885483227e-07
136 5 2.5626171131471701e-09
137 5 1.151785346440943e-08
139 5 6.7698881147527922e-08
180 5 1.8785352880109284e-07
182 5 6.7197272608991078e-09
183 5 1.5470594868167452e-09
196 5 1.2821530878201054e-08
205 5 6.0256415733728812e-06
215 5 4.8740578659773448e-09
1 6 -0.0023731862523616778
2 6 -1.0123691293843056e-09
3 6 3.6350467818255649e-08
4 6 8.1420188295561031e-06
5 6 0.0024300668054059405
6 6 -2680.151224164058
8 6 1.5652694517929929e-08
9 6 2.3245397465259256e-06
10 6 -0.0018084280366178617
11 6 3.1272673416730363e-09
12 6 2.7561960724135408e-07
13 6 -0.00027747732773424728
14 6 2.4826380393401265e-08
15 6 -8.4774182915268027e-05
16 6 -3.6112916541322055e-05
17 6 -6.0943113789572688e-07
18 6 -2.0419466989301837e-06
19 6 -7.645015488214769e-09
20 6 -1.2765947086116387e-05
21 6 -4.2957362207791795e-08
23 6 0.0028925988328541738
24 6 2.9428031480609872e-06
25 6 2.3674627725536145e-08
35 6 -2.5446561772752233e-08
36 6 -9.7194154975799265e-06
38 6 -2.8796759395027909e-08
39 6 -5.1674749689266294e-06
40 6 -0.0022792041578793315
41 6 -0.0023687910023087503
47 6 1.3569165185830264e-08
50 6 -7.4502980137493123e-08
51 6 4.2214695464871665e-05
57 6 5.5975756508671382e-08
65 6 3.8603004225393316e-08
66 6 6.6551591854358766e-09
71 6 5.8353143054505064e-09
72 6 8.7213200823067086e-06
74 6 1.2617312529481714e-06
75 6 3.3813765487763005e-07
76 6 5.8502749147087092e-09
77 6 3.6673995443354816e-08
79 6 1.9245678372632963e-07
82 6 -4.1888958648615405e-08
83 6 -7.4119499202184489e-06
84 6 -0.0032878542162627531
85 6 -0.0002870006682001592
86 6 -7.4019850415517131e-06
87 6 -0.0032872015047970878
88 6 -1.2932909512902476e-05
89 6 -0.0032850843850703347
90 6 0.00017743824971894892
91 6 0.0023723058007380031
92 6 0.0032941977752090814
93 6 0.0032878223909542205
94 6 7.4315656750193507e-06
95 6 0.0032866274313057445
96 6 7.4104655876455071e-06
97 6 4.0897165727735201e-08
98 6 -0.0022586297646908621
99 6 -5.0382734992942544e-06
100 6 -2.9572954327112403e-08
204 6 1.8025631999797709e-07
205 6 5.9407446446449439e-05
207 6 1.0493563716237241e-08
208 6 5.0653326344770922e-06
209 6 1.821195370775093e-09
210 6 8.3352545649966437e-07
211 6 2.3330029885483227e-07
212 6 2.5626171131471701e-09
213 6 1.151785346440943e-08
215 6 -9.574067587631822e-08
220 6 1.8785352880109284e-07
222 6 6.7197272608991078e-09
223 6 1.5470594868167452e-09
236 6 9.0661914291686761e-09
242 6 8.5215440350630813e-06
243 6 -1.7280398079584742e-08
1 7 -4.1888958648615392e-08
2 7 0.0028190271854531216
3 7 1.3215238002422855e-09
7 7 -2680.0608897803854
8 7 0.0023514027563263555
9 7 7.9190627978560892e-06
10 7 3.6350542951042166e-08
11 7 0.0028179176881319907
12 7 7.3578991747276005e-09
14 7 2.6954347685619686e-06
16 7 2.3674628200647642e-08
23 7 -1.0123691293843056e-09
30 7 -1.080438892458506e-08
33 7 -6.0259461335205938e-06
37 7 -5.939336016324621e-05
43 7 2.0448574037570004e-08
45 7 3.8931273787571247e-06
48 7 0.0015476275113197083
49 7 2.9251351196687686e-09
53 7 -5.2467818581186203e-09
55 7 -2.5232953973420528e-06
58 7 -1.2877795965406171e-09
59 7 -4.1676272824983213e-07
61 7 -1.6496822337310003e-07
62 7 -1.281308556573585e-09
64 7 -5.7589267322047149e-09
70 7 1.4361168084884947e-07
82 7 0.0071887784338593858
83 7 -3.3813783200922107e-07
84 7 -6.6551540443278837e-09
86 7 -5.0660688674033066e-06
89 7 -6.7176385431939396e-09
102 7 -4.2385703160358869e-08
103 7 -5.134627076165403e-06
105 7 -0.0023406681121801126
106 7 -2.5932411278617021e-08
108 7 -0.0010990876255343538
109 7 -8.9217902672809761e-07
110 7 -2.7296432423260283e-08
112 7 5.544035180137885e-06
113 7 0.0016728741285078571
114 7 -1.9245676995997155e-07
115 7 0.0066724432133116289
116 7 4.3745116869647176e-06
117 7 -5.5975548011851142e-08
118 7 0.0024073570707436164
119 7 0.0065361698281422142
120 7 -4.2214608739578486e-05
121 7 -0.00071178005377108336
122 7 -0.0016900019943987714
123 7 -6.8726678077412767e-06
124 7 -0.0016144147555835942
125 7 7.4503106997361419e-08
126 7 -3.8471697243654177e-06
127 7 9.7101738999380522e-09
128 7 -1.3569173387682614e-08
130 7 -0.0016644339185059405
131 7 2.91767610924473e-09
133 7 -3.7467473545648317e-06
135 7 -2.0080748450378547e-08
143 7 1.8024650201284354e-07
145 7 5.9402263460719493e-05
148 7 -7.4193833592387868e-09
149 7 -2.5239373959766793e-06
151 7 -5.8937567627584759e-07
152 7 -5.7590729968621356e-09
154 7 4.7870956467788747e-08
161 7 1.8783255843436207e-07
163 7 -4.750089005120462e-09
169 7 9.0654840386132038e-09
178 7 6.0256141819048371e-06
181 7 4.8738830120219e-09
202 7 0.0023261093736112563
206 7 -4.2353424717692774e-06
209 7 -2.186855839117755e-08
218 7 1.0803142008522457e-08
1 8 -7.4124179251240557e-06
2 8 1.3215238002422855e-09
3 8 0.002820996402951823
4 8 7.3593055601869176e-09
6 8 1.5652694517929929e-08
7 8 0.0023514027563263555
8 8 -2680.0732054615214
9 8 0.002330686474043523
10 8 8.1492923510737452e-06
11 8 7.3578991747276005e-09
12 8 0.0028268269179635725
13 8 -1.8719178466619915e-07
15 8 2.9329596951901633e-06
16 8 -4.2957369175412451e-08
17 8 2.2533061361722449e-08
18 8 -1.0885109965821645e-08
20 8 -9.7673146938802698e-09
23 8 3.8201545569649937e-08
31 8 -1.080438892458506e-08
34 8 -6.0259461335205938e-06
38 8 -5.939336016324621e-05
44 8 3.0721115491796919e-08
46 8 3.9550426468843618e-06
48 8 2.9251351196687686e-09
49 8 0.0015516825520132105
50 8 1.8340983370141443e-08
54 8 -7.420070062564462e-09
56 8 -2.5232953973420528e-06
59 8 -9.1059768538754649e-10
60 8 -5.8939150258252532e-07
62 8 2.3330029885483227e-07
63 8 -1.8120439382910584e-09
65 8 -5.7589267322047149e-09
71 8 1.4361168084884947e-07
82 8 -3.3813783200922107e-07
83 8 0.0065967689524134955
84 8 -1.2622130636193202e-06
85 8 -3.861342995326744e-08
87 8 -5.0660688674033066e-06
90 8 -6.7176385431939396e-09
103 8 -2.6853997768928392e-08
104 8 -7.5439119669371889e-06
105 8 -2.5932411278617021e-08
106 8 -0.0023654641225246626
107 8 2.7217371176358675e-07
108 8 -8.9217902672809761e-07
109 8 -0.0022420126024534897
110 8 -6.1871781155436378e-06
111 8 7.915890542946021e-08
112 8 1.2108644974916279e-08
113 8 3.2727828602482822e-06
114 8 0.0024116530502971134
115 8 4.3740360062678084e-06
116 8 0.010302369263887742
117 8 -4.221442218814449e-05
118 8 6.8722145834709199e-06
119 8 0.0016056825921692719
120 8 0.0019960227736440183
121 8 4.2211215922036733e-05
122 8 0.011233722697141554
123 8 -0.0023999644953485236
124 8 2.2352480756461615e-07
125 8 -0.0016690812898574455
126 8 8.7241463368296285e-06
127 8 -3.6169575295804774e-06
128 8 -6.8726118230715864e-06
129 8 -1.2110263035331465e-08
130 8 2.91767610924473e-09
131 8 -0.0016624644739598557
132 8 7.4507825319264633e-08
134 8 -3.957210530047288e-06
135 8 3.8613449253386231e-08
136 8 -1.9140783401647684e-08
137 8 9.7101919983368084e-09
139 8 -1.3569945275661604e-08
144 8 2.5490704771687266e-07
146 8 5.9402263460719493e-05
149 8 -5.2462962855403721e-09
150 8 -3.569386495970853e-06
152 8 8.3350307472211843e-07
153 8 -8.1445591388590985e-09
155 8 4.7870956467788747e-08
162 8 2.6563535159311165e-07
164 8 6.717640293520679e-09
170 8 9.0654840386132038e-09
179 8 6.0256141819048371e-06
182 8 4.8738830120219e-09
203 8 0.0023248751125811463
204 8 -4.1273751336871471e-09
207 8 -4.2442639716282147e-06
210 8 -2.280832215725992e-08
219 8 1.0803142008522457e-08
1 9 -0.0032878987314937506
3 9 7.3593055601869176e-09
4 9 0.0028299063913455845
5 9 -3.3558448204475436e-07
6 9 2.3245397465259256e-06
7 9 7.9190627978560892e-06
8 9 0.002330686474043523
9 9 -2680.1113331323309
10 9 0.0024317622997645353
12 9 -3.3557425842137149e-07
13 9 0.0028895174642027603
14 9 -8.675644131782415e-09
15 9 -1.2763716553876789e-05
16 9 -2.0419443265409021e-06
17 9 -5.4952217341353246e-08
18 9 2.6998416776273434e-06
19 9 2.2533061361722449e-08
20 9 -5.5228177695616238e-06
21 9 -1.0885113857845557e-08
23 9 9.0528551663479547e-06
24 9 -9.7667712599691507e-09
32 9 -1.527971335030185e-08
35 9 -6.0259461335205938e-06
39 9 -5.939336016324621e-05
46 9 1.9518595712075218e-08
47 9 5.7930283256556429e-06
49 9 1.8340983370141443e-08
50 9 0.0015692177517551459
51 9 -1.9246250971795239e-07
56 9 -5.2467818581186203e-09
57 9 -3.5684785727947397e-06
64 9 1.821195370775093e-09
65 9 8.3352545649966437e-07
66 9 2.3330029885483227e-07
67 9 2.5626171131471701e-09
68 9 -8.1443522893968778e-09
72 9 1.4361168084884947e-07
82 9 -6.6551540443278837e-09
83 9 -1.2622130636193202e-06
84 9 0.0049800436408313706
85 9 -8.7236721544950598e-06
88 9 -5.0660688674033066e-06
93 9 -6.7176385431939396e-09
98 9 -5.5947927855593094e-08
104 9 -1.7125204198456817e-08
105 9 -2.8169144035468663e-08
106 9 -4.418697618665287e-06
107 9 -0.0034101135074177395
108 9 -2.7296432423260283e-08
109 9 -6.1865053548440028e-06
110 9 -0.0073754344286307821
111 9 5.9700208360187428e-05
113 9 1.7992210355268191e-08
114 9 6.8726086182934882e-06
115 9 3.7925043068023408e-06
116 9 0.0016087217344151953
117 9 0.007321872700966724
118 9 1.3569163219347834e-08
119 9 -7.4510850283627364e-08
120 9 4.2214508897991583e-05
121 9 5.5948136248184885e-08
122 9 8.7236707003311662e-06
123 9 1.9246252346908516e-07
124 9 -0.0032811131148176333
125 9 0.0074127002601204793
126 9 0.0039870018105272291
127 9 0.0033291828311692614
128 9 -0.0023703440012606326
129 9 -5.4534864209849077e-06
131 9 2.2352322221474257e-07
132 9 -0.0017171312435059283
133 9 5.8369519741931478e-09
134 9 8.7227620368110896e-06
135 9 1.2622126370919013e-06
136 9 3.6681994451116925e-08
137 9 -3.7269877748494626e-06
138 9 -1.8210803623696611e-08
139 9 -6.8726118186716509e-06
140 9 -1.2109359197903697e-08
146 9 1.8024650201284354e-07
147 9 8.4007486621809238e-05
154 9 1.0492592571080744e-08
155 9 5.064967660671331e-06
156 9 8.3350307472211843e-07
157 9 1.1518145993724271e-08
158 9 6.7699755880518888e-08
170 9 1.8783255843436207e-07
171 9 6.717640293520679e-09
175 9 1.2820530476883611e-08
180 9 6.0256141819048371e-06
185 9 4.8738830120219e-09
203 9 -4.1273751336871471e-09
204 9 0.0023220482352751732
205 9 -1.0537443443665238e-07
208 9 -4.4547103301143764e-06
210 9 3.8603004225393316e-08
211 9 6.6551591854358766e-09
213 9 -2.186855839117755e-08
215 9 9.7096287968043975e-09
220 9 1.0803142008522457e-08
242 9 1.9189706254444069e-08
1 10 -0.00018035749261424708
4 10 -1.8719370742788968e-07
5 10 0.0028926027983349769
6 10 -0.0018084280366178617
7 10 3.6350542951042166e-08
8 10 8.1492923510737452e-06
9 10 0.0024317622997645353
10 10 -2680.1513413098287
11 10 1.5650870219846538e-08
12 10 2.3253130213286663e-06
13 10 -0.0018078297018208895
14 10 2.7565274175079915e-07
15 10 -0.00027735646089771467
16 10 -8.4774182909466285e-05
17 10 -2.0417291332576843e-06
18 10 -1.2763728101660868e-05
19 10 -4.2954573203510025e-08
20 10 0.0028895174726462818
21 10 2.932959360015115e-06
22 10 2.3674640778307122e-08
23 10 0.0024300917738909297
24 10 -1.8719192689621252e-07
35 10 -1.080438892458506e-08
36 10 -8.5219747481545354e-06
40 10 -5.939336016324621e-05
47 10 1.2110251855858478e-08
49 10 2.0448574037570004e-08
50 10 3.4487750018324688e-06
51 10 0.0022650674947371496
71 10 1.0493563716237241e-08
72 10 5.0661564376925639e-06
73 10 1.821195370775093e-09
74 10 8.3352545649966437e-07
75 10 2.3330029885483227e-07
76 10 2.5626171131471701e-09
77 10 1.151785346440943e-08
83 10 -3.861342995326744e-08
84 10 -8.7241477899163995e-06
85 10 -0.0022666762090673156
95 10 -5.0660688674033066e-06
96 10 -6.7176385431939396e-09
98 10 -4.2211129217274548e-05
106 10 -2.5446281054823356e-08
107 10 -9.7193363230953344e-06
108 10 -2.9498170077755605e-08
109 10 -5.1537275268969846e-06
110 10 -0.0022747374303258858
111 10 -0.00018039259052877058
114 10 1.3569937073603111e-08
116 10 -7.4507698447738967e-08
117 10 4.2214508916402027e-05
120 10 5.5974007318369345e-08
122 10 3.8613449253386231e-08
124 10 5.8369519741931478e-09
125 10 8.7222863220812419e-06
126 10 1.2622126370919013e-06
127 10 3.6681994451116925e-08
128 10 1.9245589099837771e-07
130 10 -7.4016006711551087e-06
131 10 -0.003287158931209044
132 10 -0.00010640664169598678
133 10 -0.0032850821125795888
134 10 0.00016752345987686507
135 10 0.0023702763258131704
136 10 0.003294138089467023
137 10 0.0032873239626061983
138 10 7.4299008715572868e-06
139 10 -0.0022601171723755928
140 10 -5.0455444560112517e-06
141 10 -2.887162032880295e-08
179 10 1.8024650201284354e-07
180 10 5.9402263460719493e-05
181 10 1.0492592571080744e-08
182 10 5.0649676606713318e-06
183 10 8.3350307472211843e-07
184 10 1.1518145993724271e-08
185 10 -9.5741912935577506e-08
188 10 1.8783255843436207e-07
189 10 6.717640293520679e-09
193 10 9.0654840386132038e-09
196 10 8.5215052976774812e-06
197 10 -1.7280276867674368e-08
205 10 0.0022727491513445989
207 10 5.8353143054505064e-09
208 10 8.7217957640805727e-06
210 10 1.2617312529481714e-06
211 10 3.3813765487763005e-07
212 10 5.8502749147087092e-09
213 10 3.6673995443354816e-08
215 10 -4.2245089440304468e-06
216 10 -2.0938608060264185e-08
236 10 1.0803142008522457e-08
242 10 9.7187835935120078e-06
243 10 -1.2108656154539815e-08
1 11 -7.4020673537883347e-06
2 11 2.6985424163726545e-06
6 11 3.1272673416730363e-09
7 11 0.0028179176881319907
8 11 7.3578991747276005e-09
10 11 1.5650870219846538e-08
11 11 -2680.0752122333138
12 11 0.0023290170559685515
13 11 8.1420631568103862e-06
14 11 0.0028268265170088565
15 11 -1.8719032847531656e-07
16 11 2.9428034480849458e-06
17 11 -1.0885083002848111e-08
18 11 -9.7667744875288675e-09
20 11 3.8201507001119247e-08
24 11 -1.0123691293843056e-09
33 11 -9.0659826732580343e-09
37 11 -1.8779566765825205e-07
45 11 1.2219958790166994e-08
48 11 -4.7870671455345183e-08
53 11 2.1372670764929828e-08
55 11 3.3742763497953103e-06
59 11 -3.3598636304495539e-09
61 11 -1.093936254027101e-09
70 11 -0.0032504820434105172
71 11 -5.8502702393375372e-09
73 11 -1.1518180608592247e-08
82 11 -5.0652452104260657e-06
86 11 -0.00015145916358211004
87 11 -3.3813783200922107e-07
88 11 -6.6551540443278837e-09
89 11 -8.3350476593181657e-07
91 11 -1.5470571274550079e-09
103 11 -1.0803784483447679e-08
105 11 -6.0256110454478362e-06
108 11 -5.9402307141139702e-05
112 11 3.1422040811860005e-08
113 11 3.9453095183628327e-06
115 11 0.0015485362048453235
116 11 1.8336983867628598e-08
118 11 -7.4193833592387868e-09
119 11 -2.5231136510046317e-06
121 11 -5.8937567627584759e-07
122 11 -5.7590729968621356e-09
124 11 1.4361271893341335e-07
130 11 0.0087876435272776117
131 11 -1.2617316796637034e-06
132 11 -3.860298493737537e-08
133 11 -5.0657995115313136e-06
135 11 -6.7197255092885064e-09
142 11 -7.5335627917734567e-06
143 11 -0.0023649708555377848
144 11 2.7217497424791058e-07
145 11 -0.0021143576233544586
146 11 -6.1864937564651123e-06
147 11 7.9161379159626206e-08
148 11 0.0024101496661151308
149 11 0.010211897062548622
150 11 -4.2214608739578486e-05
151 11 0.00043843481858979856
152 11 -0.001672239918199783
153 11 -6.8726678077412767e-06
154 11 -0.0016628124335068141
155 11 7.4503106997361419e-08
156 11 -3.9669091122019853e-06
157 11 9.7101738999380522e-09
158 11 -1.3569173387682614e-08
160 11 2.5489651063026587e-07
161 11 5.9402263336420335e-05
163 11 -3.5695768362618288e-06
164 11 4.7870746703511358e-08
166 11 2.6558308700337934e-07
167 11 9.0659817648536673e-09
169 11 6.0256141853638638e-06
171 11 4.8742796496991339e-09
178 11 0.0023263656230535844
179 11 -4.1262171243058616e-09
181 11 -4.2494525732005481e-06
183 11 -2.2312646049869848e-08
187 11 1.0803786814646881e-08
202 11 -1.802392215717257e-07
206 11 0.0032907567006555138
209 11 -1.0492610527670531e-08
218 11 5.0041038275436398e-06
221 11 -2.0944487542435358e-08
1 12 -0.0032872032770197793
3 12 2.705295339531519e-06
5 12 -8.6751555488536442e-09
6 12 2.7561960724135408e-07
7 12 7.3578991747276005e-09
8 12 0.0028268269179635725
9 12 -3.3557425842137149e-07
10 12 2.3253130213286663e-06
11 12 0.0023290170559685515
12 12 -2680.1116224103102
13 12 0.0024317622962134948
14 12 -3.3557906761622848e-07
15 12 0.0028895174619907441
16 12 -1.2765935536704472e-05
17 12 2.7096939317609267e-06
18 12 -5.5228177695616746e-06
19 12 -1.0885922728956491e-08
20 12 9.0601216540912041e-06
21 12 -9.7673114663997654e-09
23 12 1.3450649139226268e-08
24 12 3.8201504618835178e-08
34 12 -9.0659826732580343e-09
38 12 -1.8779566765825205e-07
46 12 1.2219958790166994e-08
49 12 -4.7870671455345183e-08
54 12 3.2027985616573784e-08
56 12 3.436191617922547e-06
60 12 -4.7515647139058643e-09
62 12 1.5470594868167452e-09
70 12 -5.8502702393375372e-09
71 12 -0.0032585921247975211
72 12 -3.6681966740282887e-08
74 12 -1.1518180608592247e-08
83 12 -5.0652452104260657e-06
86 12 -3.3813783200922107e-07
87 12 -0.00074346864502800123
88 12 -1.2622130636193202e-06
90 12 -8.3350476593181657e-07
92 12 -1.5470571274550079e-09
95 12 -3.861342995326744e-08
104 12 -1.5278858541447708e-08
106 12 -6.0256110454478362e-06
109 12 -5.9402307141139702e-05
113 12 2.00145304809849e-08
114 12 5.7792344609586106e-06
115 12 1.8336983867628598e-08
116 12 0.001566069631906327
117 12 -1.9245587724874503e-07
119 12 -5.2462962855403721e-09
120 12 -3.5682215446594467e-06
122 12 8.3350307472211843e-07
123 12 -8.1445591388590985e-09
125 12 1.4361271893341335e-07
130 12 -1.2617316796637034e-06
131 12 0.0071713035241436109
132 12 -8.7222877765058117e-06
134 12 -5.0657995115313136e-06
136 12 -6.7197255092885064e-09
139 12 -5.597379882047594e-08
142 12 -1.7124209945487424e-08
143 12 -4.411412064085117e-06
144 12 -0.0034094180529715442
145 12 -6.1858210423721846e-06
146 12 -0.0072478482744906016
147 12 5.9700208386217639e-05
148 12 6.8722145834709199e-06
149 12 0.0016076572552935794
150 12 0.0071942860801257093
151 12 4.2211215922036733e-05
152 12 0.00960707322500556
153 12 -0.0023748179277150025
154 12 2.2352480756461615e-07
155 12 -0.0017174789677806654
156 12 8.7241463368296285e-06
157 12 -3.7366969174170454e-06
158 12 -6.8726118230715864e-06
159 12 -1.2110263035331465e-08
161 12 1.8023905116744995e-07
162 12 8.4007486446023677e-05
164 12 5.06523710305535e-06
165 12 6.7699459229032905e-08
167 12 1.8779560178854641e-07
168 12 1.2821234368083223e-08
170 12 6.0256141853638638e-06
172 12 4.8742796496991339e-09
178 12 -4.1262171243058616e-09
179 12 0.0023235396980549488
180 12 -1.0536997706942954e-07
182 12 -4.4599157486830027e-06
183 12 3.8613449253386231e-08
184 12 -2.1372681001138988e-08
185 12 9.7101919983368084e-09
188 12 1.0803786814646881e-08
196 12 1.9190800649501345e-08
203 12 -1.802392215717257e-07
207 12 0.0032890111919672235
208 12 -5.8369898910618293e-09
210 12 -1.0492610527670531e-08
219 12 5.0167207336408578e-06
222 12 -2.1884251308517729e-08
1 13 7.6660808344177193e-08
4 13 2.9428439350583125e-06
5 13 -1.2765046976880277e-05
6 13 -0.00027747732773424728
8 13 -1.8719178466619915e-07
9 13 0.0028895174642027603
10 13 -0.0018078297018208895
11 13 8.1420631568103862e-06
12 13 0.0024317622962134948
13 13 -2680.1513467229211
14 13 2.3247429391512153e-06
15 13 -0.0018078297018208796
16 13 -0.00027747732771642722
17 13 -1.2765058523192644e-05
18 13 0.0028895174704564389
19 13 2.942843564772647e-06
20 13 0.0024317623868015397
21 13 -1.8719338315645486e-07
23 13 2.3247349820281046e-06
24 13 8.1420630884974111e-06
35 13 -9.0659826732580343e-09
39 13 -1.8779566765825205e-07
47 13 1.7281631452694486e-08
50 13 -4.7870671455345183e-08
56 13 2.0442692439435046e-08
57 13 5.0592621636466089e-06
65 13 6.7197272608991078e-09
66 13 1.5470594868167452e-09
71 13 -3.6681966740282887e-08
72 13 -0.0032936368345577649
77 13 -1.1518180608592247e-08
79 13 -1.9246250971795239e-07
84 13 -5.0652452104260657e-06
86 13 -6.6551540443278837e-09
87 13 -1.2622130636193202e-06
88 13 -0.0023601939566101284
93 13 -8.3350476593181657e-07
94 13 -1.5470571274550079e-09
95 13 -8.7236721544950598e-06
99 13 -5.5947927855593094e-08
106 13 -1.0803784483447679e-08
107 13 -8.5215008620574513e-06
110 13 -5.9402307141139702e-05
114 13 1.2109348017933153e-08
115 13 2.0944479324307696e-08
116 13 3.4390709441132948e-06
117 13 0.0022606071762488323
124 13 1.0492592571080744e-08
125 13 5.065791405643379e-06
126 13 8.3350307472211843e-07
127 13 1.1518145993724271e-08
130 13 -3.860298493737537e-08
131 13 -8.7227634901586383e-06
132 13 -7.3872239333734702e-05
137 13 -5.0657995115313136e-06
138 13 -6.7197255092885064e-09
139 13 -4.2214422169738349e-05
143 13 -2.5444827901489925e-08
144 13 -9.7193363168728661e-06
145 13 -5.1464091824580306e-06
146 13 -0.0022742456697532397
147 13 4.1524291975429237e-08
148 13 1.3569163219347834e-08
149 13 -7.4510850283627364e-08
150 13 4.2214508897991583e-05
151 13 5.5948136248184885e-08
152 13 8.7236707003311662e-06
153 13 1.9246252346908516e-07
154 13 -0.0032850395241462759
155 13 7.4028042593410017e-05
156 13 0.0023603523383912348
157 13 0.003293639446473044
158 13 -0.0022606089284254718
159 13 -5.0592627032527596e-06
169 13 1.8023905116744995e-07
170 13 5.9402263336420335e-05
171 13 5.0652371030553492e-06
172 13 -9.5741493407022716e-08
173 13 1.8779560178854641e-07
174 13 9.0659817648536673e-09
175 13 8.5215053025692828e-06
176 13 -1.7281645834240253e-08
180 13 0.0022742473680201435
181 13 5.8369519741931478e-09
182 13 8.7227620368110896e-06
183 13 1.2622126370919013e-06
184 13 3.6681994451116925e-08
185 13 -4.2296929934851794e-06
186 13 -2.0442701223187911e-08
193 13 1.0803786814646881e-08
196 13 9.7193408428910693e-06
197 13 -1.2109359197903697e-08
204 13 -1.802392215717257e-07
207 13 -5.8369898910618293e-09
208 13 0.0032850421682881054
213 13 -1.0492610527670531e-08
215 13 -1.4902195430770829e-07
220 13 5.1464095584380055e-06
222 13 3.8603004225393316e-08
223 13 6.6551591854358766e-09
225 13 -2.0944487542435358e-08
236 13 2.5444830612178738e-08
243 13 -1.3569171421495308e-08
1 14 -0.0032850838516156489
2 14 2.25330609255513e-08
6 14 2.4826380393401265e-08
7 14 2.6954347685619686e-06
9 14 -8.675644131782415e-09
10 14 2.7565274175079915e-07
11 14 0.0028268265170088565
12 14 -3.3557906761622848e-07
13 14 2.3247429391512153e-06
14 14 -2680.113333063839
15 14 0.0024300916545618905
16 14 0.0028925988066448214
17 14 -5.5229149005492335e-06
18 14 9.0528550245561149e-06
19 14 -9.7676054140706567e-09
20 14 1.3450649137691561e-08
21 14 3.8201545061417258e-08
23 14 2.2493177503382283e-09
25 14 -1.0123691293843056e-09
59 14 1.9140774827168443e-08
64 14 -7.3060691748658036e-06
70 14 -1.1518180608592247e-08
73 14 -0.0032860254092131323
74 14 -5.8502702393375372e-09
75 14 -2.5626237647367983e-09
82 14 -6.7176385431939396e-09
86 14 -8.3350476593181657e-07
89 14 -0.0017781087141349654
90 14 -3.3813783200922107e-07
91 14 -2.33300908421913e-07
93 14 -6.6551540443278837e-09
105 14 -9.0654849464189882e-09
108 14 -1.8783262429661913e-07
113 14 1.2218990784029653e-08
115 14 -4.7870881232812297e-08
118 14 3.2728872294893211e-08
119 14 3.4265119219717887e-06
121 14 -4.750089005120462e-09
124 14 -0.0032522801762457634
125 14 -3.6673967735257197e-08
126 14 -1.1517888071457516e-08
130 14 -5.0649757665546907e-06
133 14 0.0014489707629519086
134 14 -1.2617316796637034e-06
135 14 -8.3352714717691972e-07
137 14 -3.860298493737537e-08
142 14 -1.5277946648543083e-08
143 14 -6.0256110419888103e-06
145 14 -5.9402307265460808e-05
148 14 5.771890264889781e-06
149 14 0.0015657208395584011
150 14 -1.9245676995997155e-07
151 14 -3.5684120094000471e-06
152 14 1.4361127210578312e-07
154 14 0.0073518350146063987
155 14 -8.7213215373511709e-06
156 14 -5.0661645431848579e-06
158 14 -5.5975548011851142e-08
160 14 -0.0034073020685386219
161 14 -0.0071199013223692412
162 14 5.9700472209785679e-05
163 14 0.0056378046697748594
164 14 -0.0017206389630377232
165 14 -6.8726678077412767e-06
166 14 8.3994833491730356e-05
167 14 6.0259492733671758e-06
169 14 0.0023240317892320719
170 14 -1.0536330435460238e-07
171 14 -4.4696441056325741e-06
172 14 9.7101738999380506e-09
173 14 1.0804391255638531e-08
175 14 1.9189709035052822e-08
178 14 -1.8024667241322316e-07
181 14 0.0032911292126062233
182 14 -5.8353522184894599e-09
183 14 -1.0493581671303576e-08
187 14 5.0240099476250445e-06
189 14 -2.1388547912598477e-08
206 14 -1.0492610527670531e-08
209 14 0.0032868302693852543
211 14 -1.8211999092135484e-09
221 14 7.3837589651765255e-06
227 14 2.8169153503884347e-08
1 15 0.00018051134125703436
3 15 2.3674640367617642e-08
4 15 -4.2954580169813286e-08
5 15 -2.0417267616731729e-06
6 15 -8.4774182915268027e-05
8 15 2.9329596951901633e-06
9 15 -1.2763716553876789e-05
10 15 -0.00027735646089771467
11 15 -1.8719032847531656e-07
12 15 0.0028895174619907441
13 15 -0.0018078297018208796
14 15 0.0024300916545618905
15 15 -2680.1513413100288
16 15 -0.0018084280365302033
17 15 0.0028926027890510114
18 15 0.0024317623829055294
19 15 -1.8719530599233936e-07
20 15 2.3253050645850975e-06
21 15 8.1492921410053509e-06
23 15 2.7565103834737559e-07
24 15 1.5650876031213425e-08
25 15 3.6350541570670265e-08
60 15 2.8871608111586201e-08
65 15 -7.429899711120278e-06
71 15 -1.1518180608592247e-08
73 15 -5.8502702393375372e-09
74 15 -0.0032941354906001362
76 15 -2.5626237647367983e-09
77 15 -3.6681966740282887e-08
83 15 -6.7176385431939396e-09
87 15 -8.3350476593181657e-07
89 15 -3.3813783200922107e-07
90 15 -0.0023701181955808576
92 15 -2.33300908421913e-07
93 15 -1.2622130636193202e-06
96 15 -3.861342995326744e-08
106 15 -9.0654849464189882e-09
109 15 -1.8783262429661913e-07
114 15 1.7280262485286594e-08
116 15 -4.7870881232812297e-08
119 15 2.0938599884505749e-08
120 15 5.0455438640158328e-06
122 15 6.717640293520679e-09
124 15 -3.6673967735257197e-08
125 15 -0.003287321342561472
127 15 -1.1517888071457516e-08
128 15 -1.9245587724874503e-07
131 15 -5.0649757665546907e-06
133 15 -1.2617316796637034e-06
134 15 -0.00016736924018208874
136 15 -8.3352714717691972e-07
137 15 -8.72228777650581e-06
140 15 -5.597379882047594e-08
143 15 -1.0803139677791103e-08
144 15 -8.5215008571656514e-06
146 15 -5.9402307265460808e-05
148 15 1.2108644974916279e-08
149 15 3.4339007358041838e-06
150 15 0.0022601154158119097
152 15 5.0660607600282236e-06
154 15 -8.7217972180480801e-06
155 15 0.00010656191792948355
157 15 -5.066164543184857e-06
158 15 -4.221442218814449e-05
160 15 -9.718779067482744e-06
161 15 -0.0022727474261831663
162 15 0.00018047616613878212
163 15 4.2211215922036733e-05
164 15 0.0022668361750573835
165 15 -0.0022650692411667409
167 15 5.9393316346637476e-05
168 15 8.5219791885681552e-06
170 15 0.0022747391242057698
171 15 8.7241463368296285e-06
172 15 -4.2394319108476339e-06
174 15 1.0804391255638531e-08
175 15 9.7193408491135174e-06
176 15 -1.2110263035331465e-08
179 15 -1.8024667241322316e-07
181 15 -5.8353522184894599e-09
182 15 0.0032871615373304785
184 15 -1.0493581671303576e-08
185 15 -1.4901565063852927e-07
188 15 5.1537278028173327e-06
189 15 3.8613449253386231e-08
190 15 -2.0448582863867614e-08
193 15 2.5446283766274658e-08
197 15 -1.3569945275661604e-08
207 15 -1.0492610527670531e-08
210 15 0.0032850847606969639
212 15 -1.8211999092135484e-09
213 15 -5.8369898910618293e-09
222 15 7.4016019648943994e-06
228 15 2.9498180167304851e-08
1 16 0.0023733442629201547
4 16 -7.6450186236264729e-09
5 16 -6.094302999427977e-07
6 16 -3.6112916541322055e-05
7 16 2.3674628200647642e-08
8 16 -4.2957369175412451e-08
9 16 -2.0419443265409021e-06
10 16 -8.4774182909466285e-05
11 16 2.9428034480849458e-06
12 16 -1.2765935536704472e-05
13 16 -0.00027747732771642722
14 16 0.0028925988066448214
15 16 -0.0018084280365302033
16 16 -2680.1512241668665
17 16 0.0024300668597854085
18 16 2.3245317880842756e-06
19 16 8.1420184777924884e-06
20 16 2.7561790359865858e-07
21 16 1.5652700339846491e-08
22 16 3.6350468311090771e-08
